,nominal__v_12,nominal__v_18,nominal__v_20,nominal__v_21,nominal__v_25,nominal__v_3,nominal__v_32,nominal__v_4,ordinal__v_0,ordinal__v_10,ordinal__v_13,ordinal__v_15,ordinal__v_17,ordinal__v_19,ordinal__v_22,ordinal__v_23,ordinal__v_24,ordinal__v_29,ordinal__v_31,ordinal__v_33,ordinal__v_5,ordinal__v_6,binary__v_1,binary__v_11,binary__v_14,binary__v_26,binary__v_27,binary__v_28,binary__v_30,binary__v_9,bin_literal,ord_norm,binary_sum,ratio__v_16,ratio__v_2,ratio__v_34,ratio__v_35,ratio__v_36,ratio__v_37,ratio__v_38,ratio__v_39,ratio__v_40,ratio__v_7,ratio__v_8
nominal__v_12,15.900130301876258,4.863354304514416,-8.587206904056297,2.590226554267664,-2.4427943117984627,3.491695129141539,4.134506984780153,2.7103795132361608,2.8594273435183983,2.8525197340442596,3.037260534909469,2.891167953400013,2.9572137106221286,2.8434012398387356,3.0779479480924405,2.87364632062368,2.856802429710811,3.04381796156122,2.68216266137835,2.8615259421208763,2.857270450510269,2.8836282660134716,0.08391396411951563,-0.29145592776379253,0.5655577497693176,0.5850419608683499,-0.5560163435306005,0.48959528137321756,0.3493261721894618,0.4189308028749697,0.07127121929972197,0.13914764893617793,0.23498480855720563,0.19543782027668008,0.2075677149666349,0.1636745366581747,0.03754319143290263,0.07585383643619745,0.04738428753098643,0.03689646844364108,0.034366583007334556,0.1803402573075408,0.17384051749003746,0.1121849117977886
nominal__v_18,4.863354304514416,337.6984577521016,141.88350737451975,4.450605900948384,183.76672161145746,212.7124052438313,12.791289233522933,16.817631781443716,2.10512549397569,2.584160049788973,2.5714815717504194,0.8390283266396539,2.8133953049130516,2.225376165471727,5.010385842343058,1.643692101163556,2.4382077912416276,2.6879858561116454,18.929749550577903,3.444444182273835,2.4687612771915646,4.2574017239598865,-0.24770653152728014,-0.28201806349315617,0.36909560948744313,0.7595554246553136,-0.4154205080829361,0.09688086066970854,0.08368883667684225,1.132990913845311,-0.10755732484610325,0.1850107449380203,0.21386664889017765,0.2587098893218998,0.18367999381647496,0.17790028393385207,0.034064605736229686,0.07141599533016817,0.08245202087159535,-0.07142704093461315,0.05439740227365669,0.0617951730487276,0.13267300035173488,0.09359420126115775
nominal__v_20,-8.587206904056297,141.88350737451975,906.5869360432653,7.684207060063263,393.30776586968057,148.7521657065668,37.82760838317966,46.94324637103448,3.103232244356819,4.5314122874613725,4.89629848567789,2.2074170470607934,9.189561262423647,4.510434837403022,2.8098106153557447,1.7774350128414274,5.096536437889817,5.508113332097131,41.83461439916231,6.135668500812234,4.322474450394792,3.8940436719479563,-0.8575498472686564,-0.6862935139978746,0.4757565364684253,0.5752577306709639,-0.5549404647563133,-0.3411831377047108,-0.43487487799813573,1.5660254929763548,-0.5269365216486913,0.3024632688900559,-0.03682886880142116,-0.046063364330575826,0.43099631421025975,0.24199631304848415,0.11730883731151605,0.16122686334286573,0.0550106545631241,0.02272246935456263,0.10280945197553709,0.05366576537699356,-0.06289187885809291,0.14397194900960592
nominal__v_21,2.590226554267664,4.450605900948384,7.684207060063263,8.815002634351949,8.407534246575306,3.217663329820871,10.1652397260274,3.6131454162276135,2.8152660695469005,3.0659246575342305,3.201198630136977,2.8285036880927192,3.3603134878819874,2.680584826132773,2.661749209694412,2.854056902002098,3.088448366701794,2.534905163329816,8.397194415173834,3.1620785036880776,3.2652133825079224,2.6663593256058977,-0.03003161222339296,-0.44639093782929523,0.5639488935721838,0.5300974710221323,-0.5482744994731318,0.0562434141201266,0.36222339304530965,0.43321917808219124,-0.03485764168681172,0.14355122524823347,0.13157647147373153,0.17478201810755284,0.2188126878195371,0.14666388596183128,0.03164607604660094,0.07825274335961627,0.06032934775596221,0.026032360532062714,0.044100414229134105,0.18666735661598674,0.16473268811667777,0.1641420793818055
nominal__v_25,-2.4427943117984627,183.76672161145746,393.30776586968057,8.407534246575306,668.1609663991047,95.35111608803462,43.11434975088858,48.33657246660842,3.023647264437852,3.7016822655093637,5.303552572115736,-0.9859896335891233,7.431461879345014,1.6731693613486998,1.0160587207875627,1.868183857224238,4.280140428447217,0.9429181180123067,56.93058885122267,6.394682273281953,5.744503947919223,2.391894967915866,-1.2442779876993244,-0.9638746792419736,0.29489779602731925,0.6221514855080115,-0.4431901585718868,-0.1780374994031762,-0.3032300097379415,0.7658116635446758,-0.8065205030514366,0.23361627272571295,-0.20710705565347115,-0.1446306605272575,0.3141415051767698,0.2925663282383404,-0.09606598945395835,0.14306358409168107,0.020121517945986687,-0.17750856115100855,0.10309129840715435,0.0968523479638279,-0.21375505741822323,0.1737325847776463
nominal__v_3,3.491695129141539,212.7124052438313,148.7521657065668,3.217663329820871,95.35111608803462,459.14541199432404,-8.655971748310312,21.293320377170378,1.6923874307268054,1.9339698573508137,0.5297143934994515,2.033237526940345,-1.5663250845824093,2.7081539161071326,6.326399815234487,1.1399912391836098,0.7445920141105827,4.934251821838971,3.805281209436806,2.368839461093202,-1.288319896935493,4.575648233790545,-0.011978667578650142,-0.09249420664645042,0.512564734549484,0.5433473730320081,-0.28219787397526735,0.10783479587519908,0.0378319588807917,1.161244130308537,0.06687605897421292,0.1795837763568386,0.2823074634922361,0.35436153613204047,0.23121360943455566,0.20586001196855086,0.1915018473852564,0.11062548140745393,0.12043601258198354,-0.01559766594832183,0.11808867732858905,0.12050938266303732,0.18345708857638096,0.03558217651323974
nominal__v_32,4.134506984780153,12.791289233522933,37.82760838317966,10.1652397260274,43.11434975088858,-8.655971748310312,506.5835394225618,-42.44515398606047,4.295328133657407,11.030861821716833,17.846243300307204,-4.351447255776979,27.96333510899943,5.880325887934839,-0.9843382363554999,5.393724024290437,14.767248551245252,-3.0838302700085785,70.13584269004795,14.288059515257032,22.282861736218365,2.432214848751,-1.2512780354452184,-2.6282592124592337,0.6818203205415062,1.2405062702573038,-1.0955200332888801,0.10235956322500138,1.871803107036306,-0.586680588851222,-1.1447200938867594,0.39845054004894376,-0.2378926584263493,0.11764933285611849,0.21634973067573376,0.1655231363093457,0.19057866064973622,0.14918814965477653,-0.0318691011754984,-0.1452552622307658,-0.06649831500770355,0.21523874354855418,0.6258210800942674,1.9351798479570856
nominal__v_4,2.7103795132361608,16.817631781443716,46.94324637103448,3.6131454162276135,48.33657246660842,21.293320377170378,-42.44515398606047,645.6892983130158,4.567900074505802,14.63172023459888,-4.080601592714206,8.009410105029865,6.524954030697278,9.76284475589078,24.65106023644212,2.12482608835655,-2.3151358093095595,22.143282929954548,-2.648693344777553,11.273535533493748,8.593629559594092,13.447460084987696,-0.4357384679786049,-0.240597945149961,0.6467765692021222,0.4313962287405853,-0.5943132696943488,-0.061241049032812626,-0.872824091911956,0.9293757724008743,-0.19368370698686577,0.9744958915065632,-0.02816660763201443,0.23029886643315936,0.3142219648220917,0.12352906096410428,0.05009476044901158,0.04097735127374151,0.006484258391714733,-0.05840740987310729,0.03989239490865145,0.19634831748069193,0.07543237809201352,-0.5576057798255464
ordinal__v_0,2.8594273435183983,2.10512549397569,3.103232244356819,2.8152660695469005,3.023647264437852,1.6923874307268054,4.295328133657407,4.567900074505802,5.333242121094714,3.252488962925864,3.1230785747517515,3.061976668913311,3.475806086713206,2.9048828226928425,2.9219077038555383,3.2612830210048727,3.1572038422120148,2.999246475409196,3.486812070495157,3.359823676078514,3.602619736709149,2.872226851846712,0.06543213920481991,-0.31657956742219784,0.6088661210680463,0.5618637582014699,-0.5613485466927074,0.04933719260804719,0.41313106470013006,0.44510596257387924,0.05319876861749681,0.15275050364466486,0.18082973203449768,0.1789025659675205,0.2145140953610937,0.15661790247105364,0.04159007170051045,0.06767779358182612,0.04816488021411734,0.05363745303478418,0.03994365936631818,0.20694627512231176,0.16955742396731338,0.14484604123616693
ordinal__v_10,2.8525197340442596,2.584160049788973,4.5314122874613725,3.0659246575342305,3.7016822655093637,1.9339698573508137,11.030861821716833,14.63172023459888,3.252488962925864,9.481940046146978,6.353525381939376,3.3074283173125374,8.688022845299958,8.15289581623825,7.60509259927537,3.0929634766117258,5.7525505884403785,7.432939642527613,4.674240382255851,8.28110665822044,8.525503594266496,7.7050854096320185,0.06493913508867971,-0.3225253192035106,0.5996854461631715,0.5161499792916056,-0.492826387601168,0.06431552374469958,0.30330190617154495,0.4691704484005691,0.04905626691422245,0.3866442811388258,0.17174439029365646,0.174844436025262,0.22503329206870806,0.1641508736635006,0.049432403560998976,0.06346275627857546,0.0477546779475991,0.03087454570795551,0.059490486697599515,0.20644302982912843,0.19311388020017647,0.15671091906034604
ordinal__v_13,3.037260534909469,2.5714815717504194,4.89629848567789,3.201198630136977,5.303552572115736,0.5297143934994515,17.846243300307204,-4.080601592714206,3.1230785747517515,6.353525381939376,10.342559787852835,2.767315381617377,8.561653481952604,7.697757802844993,5.055505434704167,3.171834141867472,7.347014313219754,4.696692958368906,7.866739752121076,7.628758531802641,7.283830672517576,6.468662176702009,-0.008982890314356815,-0.4026831804539411,0.6090068604187668,0.5819570070430719,-0.5420672556437347,0.07151266210008642,0.4445267660151392,0.3628889208428598,-0.003609987478731794,0.27960487753524804,0.1594512700011278,0.18070430101716733,0.24181827787263208,0.16767416132239596,0.037649336154101105,0.06825369253420768,0.05158681281064711,0.034739311923894164,0.06332099230875035,0.19311025657152442,0.18284255024561372,0.2063456791631361
ordinal__v_15,2.891167953400013,0.8390283266396539,2.2074170470607934,2.8285036880927192,-0.9859896335891233,2.033237526940345,-4.351447255776979,8.009410105029865,3.061976668913311,3.3074283173125374,2.767315381617377,6.635892587283399,2.674367727772898,3.3641362823270193,3.819038064581315,3.0089656795850654,2.824316761806836,3.7941516276353258,0.3300809681534877,3.1208701189539076,3.034888924173965,3.4716289455596976,0.1279359561004265,-0.1377871554661832,0.6254553903448936,0.5424086249071457,-0.5372406870523138,0.05695585503458244,0.3551239672174465,0.5252670161370043,0.13104293252886842,0.17314931479151943,0.22258842388899974,0.19403245367986008,0.22801073538258995,0.16229458624481494,0.03113998941537555,0.0649127255213367,0.07176405035104787,0.045366154765346806,0.03230066532710143,0.20875363467601873,0.15494627306199882,0.09888032408358413
ordinal__v_17,2.9572137106221286,2.8133953049130516,9.189561262423647,3.3603134878819874,7.431461879345014,-1.5663250845824093,27.96333510899943,6.524954030697278,3.475806086713206,8.688022845299958,8.561653481952604,2.674367727772898,21.810003750273392,9.63498277816702,10.470033344400022,3.7471666142942297,7.106499368199682,11.009904358311832,8.57788680836463,10.147778330803547,15.894343541146421,8.36978403865863,0.009134733361388618,-0.44817974330474913,0.6030447306853974,0.6125204863196909,-0.5171630527836413,0.058082741413789184,0.38523885716316114,0.3591605772145488,-0.004673857659888186,0.535983979976656,0.15169133286708383,0.11221668877822259,0.21995475850344712,0.16018934470179108,0.049000522958152985,0.0803096313098046,0.05443110393243295,0.05060633705006232,0.06338070658358702,0.20684410128823494,0.22991103530826534,0.24275113692597136
ordinal__v_19,2.8434012398387356,2.225376165471727,4.510434837403022,2.680584826132773,1.6731693613486998,2.7081539161071326,5.880325887934839,9.76284475589078,2.9048828226928425,8.15289581623825,7.697757802844993,3.3641362823270193,9.63498277816702,14.116524687403112,13.550709470675686,2.7868070877114315,6.501561596089722,13.136875264406774,2.647748975406424,8.969565739989205,9.480467904210649,11.099177382658953,0.07847454088991682,-0.24368865901770018,0.5827612616463895,0.45933618217168315,-0.3303867361906106,0.05938506619468548,0.15979440395913388,0.6160677703000542,0.07441768352031407,0.5186030549737372,0.19739197570765038,0.19142370389225025,0.21952923967192767,0.16191003594019754,0.05011492870487824,0.07345505514727346,0.038329398810304664,0.03759380873342404,0.05852447708386609,0.2025376565997912,0.18554481336377293,0.14283725534393146
ordinal__v_22,3.0779479480924405,5.010385842343058,2.8098106153557447,2.661749209694412,1.0160587207875627,6.326399815234487,-0.9843382363554999,24.65106023644212,2.9219077038555383,7.60509259927537,5.055505434704167,3.819038064581315,10.470033344400022,13.550709470675686,30.595291366543005,2.770573206114579,4.374067150713794,23.009743493511575,-2.6855666382782166,7.8915296563072825,12.135734082018562,14.659078770732002,0.14171730877491806,-0.19370425971101524,0.6388123042279547,0.3950084443610433,-0.20663423647097895,0.06892619484100074,-0.013265585980917217,0.8109040518498198,0.12514460985976444,0.802465116871107,0.23453774598454646,0.2576199502911305,0.21778752929062536,0.15945287276681544,0.047381978267119165,0.0666600548622148,0.04838075363234199,0.03890729152218783,0.039912485260321755,0.2168561406692388,0.16994491891576247,0.12868012351381636
ordinal__v_23,2.87364632062368,1.643692101163556,1.7774350128414274,2.854056902002098,1.868183857224238,1.1399912391836098,5.393724024290437,2.12482608835655,3.2612830210048727,3.0929634766117258,3.171834141867472,3.0089656795850654,3.7471666142942297,2.7868070877114315,2.770573206114579,5.056841486962622,3.0972306271034533,2.768698069400325,3.2419220609348676,3.202504216628679,3.5200246835168945,2.7868631613777906,0.07767562994045049,-0.2924399928492191,0.593125590577846,0.536911184864331,-0.5476018236710802,0.054460576881438176,0.39190079735643174,0.4347902123137782,0.062166817535418854,0.14728037097766444,0.17840316791628189,0.15976101145203428,0.20462675397790947,0.15748134979986783,0.032503640066648305,0.06536149672312692,0.05663330965224605,0.041815365677950106,0.049520864655807684,0.19971522588011448,0.16851204841898,0.1388757340931224
ordinal__v_24,2.856802429710811,2.4382077912416276,5.096536437889817,3.088448366701794,4.280140428447217,0.7445920141105827,14.767248551245252,-2.3151358093095595,3.1572038422120148,5.7525505884403785,7.347014313219754,2.824316761806836,7.106499368199682,6.501561596089722,4.374067150713794,3.0972306271034533,8.216789330125078,3.910849949089543,6.418425237702378,6.499088733523502,6.231529764568327,5.818041924226157,0.013381897199758875,-0.3609829713713401,0.5955938728693357,0.5642008086821996,-0.5185174261409897,0.0631171573205003,0.42561411768363494,0.3791394579841665,0.01580739787467853,0.24440831993614975,0.16593527346103976,0.16147803977318131,0.2225374700400685,0.16832088994522043,0.04138501652380482,0.07111494277442079,0.04334537748250607,0.0270770614547268,0.05041177116502036,0.20263062527134654,0.17604397307578248,0.18466176799344744
ordinal__v_29,3.04381796156122,2.6879858561116454,5.508113332097131,2.534905163329816,0.9429181180123067,4.934251821838971,-3.0838302700085785,22.143282929954548,2.999246475409196,7.432939642527613,4.696692958368906,3.7941516276353258,11.009904358311832,13.136875264406774,23.009743493511575,2.768698069400325,3.910849949089543,27.171071595523436,-1.6448542417785463,7.543826705722056,11.910487968589862,12.428820032400589,0.1585094287037211,-0.1770709226394377,0.6288543705814219,0.42413357857697226,-0.2331674903758714,0.05846373699340766,0.042272604627354396,0.7561892003228968,0.13755056617856332,0.7676527729570303,0.23688350097006644,0.2334958440818081,0.22113640512568,0.15714158440369877,0.05439582650659229,0.04242643628896245,0.07185120870192602,0.06723727837846899,0.042591476940551834,0.22137196438822515,0.17237952656690572,0.1143901290175486
ordinal__v_31,2.68216266137835,18.929749550577903,41.83461439916231,8.397194415173834,56.93058885122267,3.805281209436806,70.13584269004795,-2.648693344777553,3.486812070495157,4.674240382255851,7.866739752121076,0.3300809681534877,8.57788680836463,2.647748975406424,-2.6855666382782166,3.2419220609348676,6.418425237702378,-1.6448542417785463,62.19777369501023,6.02113678810039,5.3725289417844335,0.6168401711745842,-0.8390269386776152,-1.4513531797099926,0.5718350162835714,0.7317128367612307,-0.8191158598535854,0.0390807083269949,0.9104331440893372,-0.04390776270512681,-0.6858649853449715,0.15413601322313933,-0.1286202907835988,0.11465927697740698,0.22760920876005955,0.1874686127806752,0.05380134355659296,0.10125930537611487,0.050068099082768915,0.012809849651285189,0.006521878072301837,0.17682147116203514,0.22930449432013125,0.45929870719663896
ordinal__v_33,2.8615259421208763,3.444444182273835,6.135668500812234,3.1620785036880776,6.394682273281953,2.368839461093202,14.288059515257032,11.273535533493748,3.359823676078514,8.28110665822044,7.628758531802641,3.1208701189539076,10.147778330803547,8.969565739989205,7.8915296563072825,3.202504216628679,6.499088733523502,7.543826705722056,6.02113678810039,10.603146329506618,8.98667757697362,8.03315438801422,0.035498517101357825,-0.36623113343200786,0.6001976041554461,0.5512110107583732,-0.4932411106583271,0.07861042237350363,0.31587434391034414,0.4449593937825964,0.02578799231476165,0.4046239346625714,0.16669700685589786,0.1677161653810045,0.2338062711168145,0.15977674214219184,0.040694928283975515,0.07739804351530921,0.051937774591293874,0.04666391335228977,0.05882579327263286,0.2102448759614015,0.18756595776989216,0.17965503036305744
ordinal__v_5,2.857270450510269,2.4687612771915646,4.322474450394792,3.2652133825079224,5.744503947919223,-1.288319896935493,22.282861736218365,8.593629559594092,3.602619736709149,8.525503594266496,7.283830672517576,3.034888924173965,15.894343541146421,9.480467904210649,12.135734082018562,3.5200246835168945,6.231529764568327,11.910487968589862,5.3725289417844335,8.98667757697362,20.312151760324486,8.458541435108344,0.08407191419951789,-0.39853234118105535,0.6123054909999001,0.5771188489686336,-0.4871719690517771,0.05111184087070751,0.3341729578359338,0.4548280814700404,0.0451492473947299,0.5513416999428924,0.17541497487312835,0.17813159636078785,0.21661806280637202,0.15260601362004061,0.0602075977934444,0.09067793747041486,0.0681264256211311,0.04788534810787945,0.057816424203418586,0.2168806927263017,0.21669368100819236,0.22673816105393307
ordinal__v_6,2.8836282660134716,4.2574017239598865,3.8940436719479563,2.6663593256058977,2.391894967915866,4.575648233790545,2.432214848751,13.447460084987696,2.872226851846712,7.7050854096320185,6.468662176702009,3.4716289455596976,8.36978403865863,11.099177382658953,14.659078770732002,2.7868631613777906,5.818041924226157,12.428820032400589,0.6168401711745842,8.03315438801422,8.458541435108344,13.499576671578161,0.09844842499619688,-0.20782927178628485,0.5872082920183287,0.4203197364870795,-0.29156182926734514,0.06390704651671494,0.11377735534382022,0.6528379382212551,0.09262600915454045,0.5066980109725884,0.20530109893282375,0.1976688606125374,0.20788302909822312,0.16319767916708455,0.04508217316397032,0.07112336985772981,0.051365557498803144,0.049094510462892336,0.05666818474615806,0.2033248095279866,0.1865323688582806,0.11849330336075574
binary__v_1,0.08391396411951563,-0.24770653152728014,-0.8575498472686564,-0.03003161222339296,-1.2442779876993244,-0.011978667578650142,-1.2512780354452184,-0.4357384679786049,0.06543213920481991,0.06493913508867971,-0.008982890314356815,0.1279359561004265,0.009134733361388618,0.07847454088991682,0.14171730877491806,0.07767562994045049,0.013381897199758875,0.1585094287037211,-0.8390269386776152,0.035498517101357825,0.08407191419951789,0.09844842499619688,0.080679457384569,0.024939457095872718,0.01429878492251278,0.01187346005611804,-0.010325604790578804,0.0022737594117705935,0.0057389454375467224,0.01866892219751047,0.049126546235976454,0.0032574463529495812,0.021163883102188693,0.004592750470927559,0.0043474199348443356,0.0022483597064626823,-0.0009388019570358126,-0.0003167855840634238,0.0035337853413941337,0.001790366429863447,0.0007712984816894999,0.005320197290476024,0.006697484639297939,-0.0014425320795039458
binary__v_11,-0.29145592776379253,-0.28201806349315617,-0.6862935139978746,-0.44639093782929523,-0.9638746792419736,-0.09249420664645042,-2.6282592124592337,-0.240597945149961,-0.31657956742219784,-0.3225253192035106,-0.4026831804539411,-0.1377871554661832,-0.44817974330474913,-0.24368865901770018,-0.19370425971101524,-0.2924399928492191,-0.3609829713713401,-0.1770709226394377,-1.4513531797099926,-0.36623113343200786,-0.39853234118105535,-0.20782927178628485,0.024939457095872718,0.24886298149791053,-0.0586240466088759,-0.06637220589361988,0.06431496855988388,-0.006271645267993257,-0.06734808200301802,-0.03346959419321102,0.06471695665711345,-0.01458447478763151,0.015147404740992784,-0.014723669336032993,-0.0222565542343391,-0.016842772832314813,-0.0023244926671864073,-0.007341464870068176,-0.00696672532666338,-0.004018701263724551,-0.0039017415662672343,-0.018511794980716843,-0.02527951489288312,-0.025039078071199112
binary__v_14,0.5655577497693176,0.36909560948744313,0.4757565364684253,0.5639488935721838,0.29489779602731925,0.512564734549484,0.6818203205415062,0.6467765692021222,0.6088661210680463,0.5996854461631715,0.6090068604187668,0.6254553903448936,0.6030447306853974,0.5827612616463895,0.6388123042279547,0.593125590577846,0.5955938728693357,0.6288543705814219,0.5718350162835714,0.6001976041554461,0.6123054909999001,0.5872082920183287,0.01429878492251278,-0.0586240466088759,0.14721523460444688,0.10840295813573349,-0.10674184516783752,0.0108989719087587,0.07699080947056412,0.09164754980285404,0.01552521811632936,0.028828964583185845,0.04058405958116555,0.035814331990067234,0.043633693150668465,0.031461155291484987,0.008839994433831188,0.013356089481472306,0.01169796783549235,0.008707222949621613,0.008601491906675295,0.04038115440213161,0.03482035766633515,0.027078005872374914
binary__v_26,0.5850419608683499,0.7595554246553136,0.5752577306709639,0.5300974710221323,0.6221514855080115,0.5433473730320081,1.2405062702573038,0.4313962287405853,0.5618637582014699,0.5161499792916056,0.5819570070430719,0.5424086249071457,0.6125204863196909,0.45933618217168315,0.3950084443610433,0.536911184864331,0.5642008086821996,0.42413357857697226,0.7317128367612307,0.5512110107583732,0.5771188489686336,0.4203197364870795,0.01187346005611804,-0.06637220589361988,0.10840295813573349,0.19341216309997428,-0.13353575834359477,0.012811861190471665,0.07815392165898125,0.07383250185154176,0.011955187071047629,0.022913776240528035,0.0397969859650866,0.03543256720976076,0.037668767958943514,0.027668849745891903,0.005176909667393759,0.012699370456793427,0.008118045502902151,0.00877650035920458,0.008044062421560201,0.03617373584814077,0.03263548539392022,0.029844272047221808
binary__v_27,-0.5560163435306005,-0.4154205080829361,-0.5549404647563133,-0.5482744994731318,-0.4431901585718868,-0.28219787397526735,-1.0955200332888801,-0.5943132696943488,-0.5613485466927074,-0.492826387601168,-0.5420672556437347,-0.5372406870523138,-0.5171630527836413,-0.3303867361906106,-0.20663423647097895,-0.5476018236710802,-0.5185174261409897,-0.2331674903758714,-0.8191158598535854,-0.4932411106583271,-0.4871719690517771,-0.29156182926734514,-0.010325604790578804,0.06431496855988388,-0.10674184516783752,-0.13353575834359477,0.19638018112349434,-0.013345671390549155,-0.08523308324107978,-0.06593194433494967,-0.005790470398514496,-0.01709531389204647,-0.0220598225121732,-0.03181885282818955,-0.03834019613733657,-0.028046622169220548,-0.005902730795334833,-0.011513505263094612,-0.009219673805580494,-0.006166435733921904,-0.008192277622987569,-0.036386450944583655,-0.03039366014964656,-0.028587796279003402
binary__v_28,0.48959528137321756,0.09688086066970854,-0.3411831377047108,0.0562434141201266,-0.1780374994031762,0.10783479587519908,0.10235956322500138,-0.061241049032812626,0.04933719260804719,0.06431552374469958,0.07151266210008642,0.05695585503458244,0.058082741413789184,0.05938506619468548,0.06892619484100074,0.054460576881438176,0.0631171573205003,0.05846373699340766,0.0390807083269949,0.07861042237350363,0.05111184087070751,0.06390704651671494,0.0022737594117705935,-0.006271645267993257,0.0108989719087587,0.012811861190471665,-0.013345671390549155,0.03892317463560432,0.004899505996551192,0.006140899243949307,0.0019932550052469324,0.0029760570141382364,0.008047265104080494,0.0035594952402256846,0.004059530905020755,0.0033436236838881254,0.0010466076926179727,0.001096171736505917,0.0005756416763780575,0.002059385657587206,-0.0001738510198177111,0.0035758958263902075,0.0034186585415032435,0.0016993513220616
binary__v_30,0.3493261721894618,0.08368883667684225,-0.43487487799813573,0.36222339304530965,-0.3032300097379415,0.0378319588807917,1.871803107036306,-0.872824091911956,0.41313106470013006,0.30330190617154495,0.4445267660151392,0.3551239672174465,0.38523885716316114,0.15979440395913388,-0.013265585980917217,0.39190079735643174,0.42561411768363494,0.042272604627354396,0.9104331440893372,0.31587434391034414,0.3341729578359338,0.11377735534382022,0.0057389454375467224,-0.06734808200301802,0.07699080947056412,0.07815392165898125,-0.08523308324107978,0.004899505996551192,0.2486783825467661,0.027317036068136794,3.4650064071518424e-06,0.007576541465939325,0.04131391941920685,0.02331066546678752,0.02845010247683568,0.021068646875191645,0.00651104147928963,0.006166949855592596,0.007120993058399616,0.007082862814202218,0.0068479430600411175,0.027077354852085282,0.023783016588619428,0.025533481715728383
binary__v_9,0.4189308028749697,1.132990913845311,1.5660254929763548,0.43321917808219124,0.7658116635446758,1.161244130308537,-0.586680588851222,0.9293757724008743,0.44510596257387924,0.4691704484005691,0.3628889208428598,0.5252670161370043,0.3591605772145488,0.6160677703000542,0.8109040518498198,0.4347902123137782,0.3791394579841665,0.7561892003228968,-0.04390776270512681,0.4449593937825964,0.4548280814700404,0.6528379382212551,0.01866892219751047,-0.03346959419321102,0.09164754980285404,0.07383250185154176,-0.06593194433494967,0.006140899243949307,0.027317036068136794,0.2342760556561678,0.016265207083609606,0.028924063889281607,0.050354489470285514,0.030649402754456597,0.031214621618723994,0.02323918046578527,0.004723705687002968,0.011429649622097181,0.007722983352907941,0.00749707896348572,0.007678048057486823,0.030752172715775402,0.029009000435416266,0.015505953339307103
bin_literal,0.07127121929972197,-0.10755732484610325,-0.5269365216486913,-0.03485764168681172,-0.8065205030514366,0.06687605897421292,-1.1447200938867594,-0.19368370698686577,0.05319876861749681,0.04905626691422245,-0.003609987478731794,0.13104293252886842,-0.004673857659888186,0.07441768352031407,0.12514460985976444,0.062166817535418854,0.01580739787467853,0.13755056617856332,-0.6858649853449715,0.02578799231476165,0.0451492473947299,0.09262600915454045,0.049126546235976454,0.06471695665711345,0.01552521811632936,0.011955187071047629,-0.005790470398514496,0.0019932550052469324,3.4650064071518424e-06,0.016265207083609606,0.04351409612176027,0.0027133839098857507,0.021970766396745164,0.004688214956213169,0.003641804431061368,0.0020144672079169465,0.0002803394839755262,0.0002204810919446124,0.0018085801855088548,0.001457231465216386,0.0008161089972083259,0.004609121360872001,0.0028349359956570943,-0.002346951412685183
ord_norm,0.13914764893617793,0.1850107449380203,0.3024632688900559,0.14355122524823347,0.23361627272571295,0.1795837763568386,0.39845054004894376,0.9744958915065632,0.15275050364466486,0.3866442811388258,0.27960487753524804,0.17314931479151943,0.535983979976656,0.5186030549737372,0.802465116871107,0.14728037097766444,0.24440831993614975,0.7676527729570303,0.15413601322313933,0.4046239346625714,0.5513416999428924,0.5066980109725884,0.0032574463529495812,-0.01458447478763151,0.028828964583185845,0.022913776240528035,-0.01709531389204647,0.0029760570141382364,0.007576541465939325,0.028924063889281607,0.0027133839098857507,0.02943838487818641,0.008971008695192097,0.009676395261250983,0.010396638710201469,0.00749514109463278,0.0022089732601150874,0.003199869531539853,0.002781669170035031,0.0022950301509833382,0.002180548902107006,0.010134763713818776,0.008604439262211237,0.007317326711378015
binary_sum,0.23498480855720563,0.21386664889017765,-0.03682886880142116,0.13157647147373153,-0.20710705565347115,0.2823074634922361,-0.2378926584263493,-0.02816660763201443,0.18082973203449768,0.17174439029365646,0.1594512700011278,0.22258842388899974,0.15169133286708383,0.19739197570765038,0.23453774598454646,0.17840316791628189,0.16593527346103976,0.23688350097006644,-0.1286202907835988,0.16669700685589786,0.17541497487312835,0.20530109893282375,0.021163883102188693,0.015147404740992784,0.04058405958116555,0.0397969859650866,-0.0220598225121732,0.008047265104080494,0.04131391941920685,0.050354489470285514,0.021970766396745164,0.008971008695192097,0.02776402641011901,0.012402384424000408,0.012682483667623036,0.009162917252452739,0.002447461934368351,0.003653782205033603,0.003226145376461484,0.003675468596616904,0.002810710531197203,0.012626037858528446,0.010670118317508958,0.00637023683814105
ratio__v_16,0.19543782027668008,0.2587098893218998,-0.046063364330575826,0.17478201810755284,-0.1446306605272575,0.35436153613204047,0.11764933285611849,0.23029886643315936,0.1789025659675205,0.174844436025262,0.18070430101716733,0.19403245367986008,0.11221668877822259,0.19142370389225025,0.2576199502911305,0.15976101145203428,0.16147803977318131,0.2334958440818081,0.11465927697740698,0.1677161653810045,0.17813159636078785,0.1976688606125374,0.004592750470927559,-0.014723669336032993,0.035814331990067234,0.03543256720976076,-0.03181885282818955,0.0035594952402256846,0.02331066546678752,0.030649402754456597,0.004688214956213169,0.009676395261250983,0.012402384424000408,0.035204446092555894,0.011620123729928728,0.00903417576763027,0.002761637729358163,0.004583894572395334,0.0030064332871598317,0.0021816631307911443,0.002952412525450746,0.011597156889092285,0.00401407991587355,0.009438646964237105
ratio__v_2,0.2075677149666349,0.18367999381647496,0.43099631421025975,0.2188126878195371,0.3141415051767698,0.23121360943455566,0.21634973067573376,0.3142219648220917,0.2145140953610937,0.22503329206870806,0.24181827787263208,0.22801073538258995,0.21995475850344712,0.21952923967192767,0.21778752929062536,0.20462675397790947,0.2225374700400685,0.22113640512568,0.22760920876005955,0.2338062711168145,0.21661806280637202,0.20788302909822312,0.0043474199348443356,-0.0222565542343391,0.043633693150668465,0.037668767958943514,-0.03834019613733657,0.004059530905020755,0.02845010247683568,0.031214621618723994,0.003641804431061368,0.010396638710201469,0.012682483667623036,0.011620123729928728,0.034746278090879934,0.011619631871753779,0.0014194216996333087,0.0042717301903531036,0.004918071767046585,0.0037712099604831012,0.0028300666802394568,0.013878474657214347,0.011605367270069751,0.00855160450056663
ratio__v_34,0.1636745366581747,0.17790028393385207,0.24199631304848415,0.14666388596183128,0.2925663282383404,0.20586001196855086,0.1655231363093457,0.12352906096410428,0.15661790247105364,0.1641508736635006,0.16767416132239596,0.16229458624481494,0.16018934470179108,0.16191003594019754,0.15945287276681544,0.15748134979986783,0.16832088994522043,0.15714158440369877,0.1874686127806752,0.15977674214219184,0.15260601362004061,0.16319767916708455,0.0022483597064626823,-0.016842772832314813,0.031461155291484987,0.027668849745891903,-0.028046622169220548,0.0033436236838881254,0.021068646875191645,0.02323918046578527,0.0020144672079169465,0.00749514109463278,0.009162917252452739,0.00903417576763027,0.011619631871753779,0.037958420000424715,0.0014426453288468213,0.004096966204381501,0.003686847182755946,0.0007732934391650404,0.004674279420061968,0.009783401551006599,0.009472458238682731,0.005791950808198983
ratio__v_35,0.03754319143290263,0.034064605736229686,0.11730883731151605,0.03164607604660094,-0.09606598945395835,0.1915018473852564,0.19057866064973622,0.05009476044901158,0.04159007170051045,0.049432403560998976,0.037649336154101105,0.03113998941537555,0.049000522958152985,0.05011492870487824,0.047381978267119165,0.032503640066648305,0.04138501652380482,0.05439582650659229,0.05380134355659296,0.040694928283975515,0.0602075977934444,0.04508217316397032,-0.0009388019570358126,-0.0023244926671864073,0.008839994433831188,0.005176909667393759,-0.005902730795334833,0.0010466076926179727,0.00651104147928963,0.004723705687002968,0.0002803394839755262,0.0022089732601150874,0.002447461934368351,0.002761637729358163,0.0014194216996333087,0.0014426453288468213,0.0751218788038601,-0.0007008708776623466,-0.0002608255456990271,-0.00033873671320220624,0.0007822672210928189,0.0023441050433301433,0.0016322421671988508,0.002956543771613141
ratio__v_36,0.07585383643619745,0.07141599533016817,0.16122686334286573,0.07825274335961627,0.14306358409168107,0.11062548140745393,0.14918814965477653,0.04097735127374151,0.06767779358182612,0.06346275627857546,0.06825369253420768,0.0649127255213367,0.0803096313098046,0.07345505514727346,0.0666600548622148,0.06536149672312692,0.07111494277442079,0.04242643628896245,0.10125930537611487,0.07739804351530921,0.09067793747041486,0.07112336985772981,-0.0003167855840634238,-0.007341464870068176,0.013356089481472306,0.012699370456793427,-0.011513505263094612,0.001096171736505917,0.006166949855592596,0.011429649622097181,0.0002204810919446124,0.003199869531539853,0.003653782205033603,0.004583894572395334,0.0042717301903531036,0.004096966204381501,-0.0007008708776623466,0.0662412877977661,-0.0004975739884782125,0.00010415836611957619,0.0005367144817619549,0.005261054809278072,0.0028700649480889666,0.002246924282503713
ratio__v_37,0.04738428753098643,0.08245202087159535,0.0550106545631241,0.06032934775596221,0.020121517945986687,0.12043601258198354,-0.0318691011754984,0.006484258391714733,0.04816488021411734,0.0477546779475991,0.05158681281064711,0.07176405035104787,0.05443110393243295,0.038329398810304664,0.04838075363234199,0.05663330965224605,0.04334537748250607,0.07185120870192602,0.050068099082768915,0.051937774591293874,0.0681264256211311,0.051365557498803144,0.0035337853413941337,-0.00696672532666338,0.01169796783549235,0.008118045502902151,-0.009219673805580494,0.0005756416763780575,0.007120993058399616,0.007722983352907941,0.0018085801855088548,0.002781669170035031,0.003226145376461484,0.0030064332871598317,0.004918071767046585,0.003686847182755946,-0.0002608255456990271,-0.0004975739884782125,0.05980005123618218,0.0017092466375195515,0.0014757487329668639,0.0028184525695884267,0.0026406729223185255,0.0016374203614763772
ratio__v_38,0.03689646844364108,-0.07142704093461315,0.02272246935456263,0.026032360532062714,-0.17750856115100855,-0.01559766594832183,-0.1452552622307658,-0.05840740987310729,0.05363745303478418,0.03087454570795551,0.034739311923894164,0.045366154765346806,0.05060633705006232,0.03759380873342404,0.03890729152218783,0.041815365677950106,0.0270770614547268,0.06723727837846899,0.012809849651285189,0.04666391335228977,0.04788534810787945,0.049094510462892336,0.001790366429863447,-0.004018701263724551,0.008707222949621613,0.00877650035920458,-0.006166435733921904,0.002059385657587206,0.007082862814202218,0.00749707896348572,0.001457231465216386,0.0022950301509833382,0.003675468596616904,0.0021816631307911443,0.0037712099604831012,0.0007732934391650404,-0.00033873671320220624,0.00010415836611957619,0.0017092466375195515,0.06689038255690369,0.00040263460837211285,0.0026728236421317947,0.0027549735881503465,0.001407523251502148
ratio__v_39,0.034366583007334556,0.05439740227365669,0.10280945197553709,0.044100414229134105,0.10309129840715435,0.11808867732858905,-0.06649831500770355,0.03989239490865145,0.03994365936631818,0.059490486697599515,0.06332099230875035,0.03230066532710143,0.06338070658358702,0.05852447708386609,0.039912485260321755,0.049520864655807684,0.05041177116502036,0.042591476940551834,0.006521878072301837,0.05882579327263286,0.057816424203418586,0.05666818474615806,0.0007712984816894999,-0.0039017415662672343,0.008601491906675295,0.008044062421560201,-0.008192277622987569,-0.0001738510198177111,0.0068479430600411175,0.007678048057486823,0.0008161089972083259,0.002180548902107006,0.002810710531197203,0.002952412525450746,0.0028300666802394568,0.004674279420061968,0.0007822672210928189,0.0005367144817619549,0.0014757487329668639,0.00040263460837211285,0.06666782296612343,0.0028692584279183648,0.001994129164484954,0.000405932099127283
ratio__v_40,0.1803402573075408,0.0617951730487276,0.05366576537699356,0.18666735661598674,0.0968523479638279,0.12050938266303732,0.21523874354855418,0.19634831748069193,0.20694627512231176,0.20644302982912843,0.19311025657152442,0.20875363467601873,0.20684410128823494,0.2025376565997912,0.2168561406692388,0.19971522588011448,0.20263062527134654,0.22137196438822515,0.17682147116203514,0.2102448759614015,0.2168806927263017,0.2033248095279866,0.005320197290476024,-0.018511794980716843,0.04038115440213161,0.03617373584814077,-0.036386450944583655,0.0035758958263902075,0.027077354852085282,0.030752172715775402,0.004609121360872001,0.010134763713818776,0.012626037858528446,0.011597156889092285,0.013878474657214347,0.009783401551006599,0.0023441050433301433,0.005261054809278072,0.0028184525695884267,0.0026728236421317947,0.0028692584279183648,0.034982530529103155,0.01107058167011439,0.009242978703216227
ratio__v_7,0.17384051749003746,0.13267300035173488,-0.06289187885809291,0.16473268811667777,-0.21375505741822323,0.18345708857638096,0.6258210800942674,0.07543237809201352,0.16955742396731338,0.19311388020017647,0.18284255024561372,0.15494627306199882,0.22991103530826534,0.18554481336377293,0.16994491891576247,0.16851204841898,0.17604397307578248,0.17237952656690572,0.22930449432013125,0.18756595776989216,0.21669368100819236,0.1865323688582806,0.006697484639297939,-0.02527951489288312,0.03482035766633515,0.03263548539392022,-0.03039366014964656,0.0034186585415032435,0.023783016588619428,0.029009000435416266,0.0028349359956570943,0.008604439262211237,0.010670118317508958,0.00401407991587355,0.011605367270069751,0.009472458238682731,0.0016322421671988508,0.0028700649480889666,0.0026406729223185255,0.0027549735881503465,0.001994129164484954,0.01107058167011439,0.03762395449449158,0.010378744284162028
ratio__v_8,0.1121849117977886,0.09359420126115775,0.14397194900960592,0.1641420793818055,0.1737325847776463,0.03558217651323974,1.9351798479570856,-0.5576057798255464,0.14484604123616693,0.15671091906034604,0.2063456791631361,0.09888032408358413,0.24275113692597136,0.14283725534393146,0.12868012351381636,0.1388757340931224,0.18466176799344744,0.1143901290175486,0.45929870719663896,0.17965503036305744,0.22673816105393307,0.11849330336075574,-0.0014425320795039458,-0.025039078071199112,0.027078005872374914,0.029844272047221808,-0.028587796279003402,0.0016993513220616,0.025533481715728383,0.015505953339307103,-0.002346951412685183,0.007317326711378015,0.00637023683814105,0.009438646964237105,0.00855160450056663,0.005791950808198983,0.002956543771613141,0.002246924282503713,0.0016374203614763772,0.001407523251502148,0.000405932099127283,0.009242978703216227,0.010378744284162028,0.03637032593759306
