,nominal__v_12,nominal__v_18,nominal__v_20,nominal__v_21,nominal__v_25,nominal__v_3,nominal__v_32,nominal__v_4,ordinal__v_0,ordinal__v_10,ordinal__v_13,ordinal__v_15,ordinal__v_17,ordinal__v_19,ordinal__v_22,ordinal__v_23,ordinal__v_24,ordinal__v_29,ordinal__v_31,ordinal__v_33,ordinal__v_5,ordinal__v_6,binary__v_1,binary__v_11,binary__v_14,binary__v_26,binary__v_27,binary__v_28,binary__v_30,binary__v_9,bin_literal,ord_norm,binary_sum,ratio__v_16,ratio__v_2,ratio__v_34,ratio__v_35,ratio__v_36,ratio__v_37,ratio__v_38,ratio__v_39,ratio__v_40,ratio__v_7,ratio__v_8
nominal__v_12,15.900130301876258,4.724740435528908,-8.448613198567578,2.4515659855036356,-2.304630734309076,3.3531795533139914,3.997855443066661,2.571788754277722,2.7209415945716056,2.714267805973093,2.898706287303627,2.752565054150074,3.0957817310249687,2.9410130385916595,3.0308302042347446,2.735111082615546,2.7182414033028564,2.904966793817319,2.6608438366861074,2.8422231979596315,2.9959054926490443,2.792527703125103,-0.024997986603905845,-0.15288048085822303,0.4269813135209749,0.44647087578296085,-0.4174444643669426,0.3510188374875483,0.2107444067126133,0.28035530014505894,-0.02340081321324899,0.09343437354581166,0.09640517407722006,0.056861973722096365,0.0689906754755814,0.02509811562823769,0.0008112953841190587,-0.00012780602115733107,0.0,0.00010005233934065968,0.0,0.049246425456344986,0.03526415398181337,0.017481479140626387
nominal__v_18,4.724740435528908,337.6984577521016,142.02206877681667,4.318315011891367,183.62778252397732,212.57371553395228,12.652735830648933,16.95634420331075,2.2436675292164514,2.7227423415042686,2.710049344318313,0.9775904138085397,2.675032056837181,2.3639483724115564,4.871755538042436,1.7822983862661295,2.545264500163651,2.8263504138587194,18.790861527013952,3.4976900605801253,2.3302483740078515,4.118911052331009,-0.3363718948772367,-0.41040902949109714,0.34420762692526724,0.620979215712782,-0.3403681797036061,0.10172754349294684,0.042376668808581694,0.9944171209873436,-0.20868598380897768,0.11421140217230784,0.07528548766234336,0.12013348989433498,0.09535703015360748,0.06917739860957471,0.026239545688566752,0.0036775254845601846,0.0,-0.01070584468384199,0.0,0.03467780570192419,0.020169473932290065,0.06179375109503424
nominal__v_20,-8.448613198567578,142.02206877681667,906.5869360432653,7.545631495578859,393.1681013724494,148.61388508200105,37.68878218131474,46.804378177868564,2.9647876430373743,4.669941516498328,5.034952749534862,2.068743858702014,9.051816829731289,4.3718481088074785,2.948456402949899,1.915988849737568,4.958023470910393,5.368502024140977,41.695496600982665,6.274308003409865,4.461182735871153,4.032680152377963,-0.7500988337853178,-0.8248727398613493,0.39726457850104513,0.490058177861733,-0.4499690819760657,-0.20260660309676282,-0.29629771720688325,1.4274499499790476,-0.46938198672349446,0.17896256846747155,-0.01561372304587183,0.04520601709133062,0.2924185634109392,0.10722359636439874,0.021362166627423997,0.022650330153863706,0.0,-0.023009920863178858,0.0,0.05394399999821632,-0.009104502530847408,0.16398813433601103
nominal__v_21,2.4515659855036356,4.318315011891367,7.545631495578859,8.815002634351949,8.26804370686893,3.079372777780867,10.026148115910763,3.4739982034676493,2.676894905042671,2.9273197619317664,3.1304072346142147,2.689923855658218,3.4992119482852693,2.8191598657279164,2.5232084491515714,2.7155320759738455,2.9498865747115253,2.410220665278922,8.258601696718753,3.0790386447741125,3.1662300459424624,2.5628021170876596,-0.09290714210888606,-0.3078124366006047,0.42537591153435317,0.3915349639634619,-0.4097107302224715,0.053964106873062356,0.2406458423470749,0.2946442788384232,-0.07417478345242327,0.08729082674403191,0.03934866341018915,0.03620543179914255,0.080234603891745,0.019830799494540335,0.0014099027172844415,0.0003744942678004509,0.0,-0.000560102657403422,0.0,0.048915263320052055,0.02985074367389525,0.044761214264119865
nominal__v_25,-2.304630734309076,183.62778252397732,393.1681013724494,8.26804370686893,668.1609663991047,95.49043612163656,43.251260842644335,48.19634941438848,2.8851494465514227,3.840251299936491,5.314754022921193,-0.8472675522799091,7.571261346820941,1.8117188636486163,0.8781787985927816,2.0067754781261513,4.418608259875628,1.080597040177993,56.79218174106118,6.256103663846211,5.605638406903258,2.2534531773985984,-1.1057064541392936,-1.102440951215109,0.3199100713066139,0.5564611909978661,-0.5111388918170856,-0.05786934381898976,-0.16465609237183404,0.7838305434512922,-0.6679430543731646,0.11101236197705414,-0.06853146489378852,-0.006054215148507888,0.17556468692220403,0.15399031739136704,0.01571753019735992,0.01033818247076546,0.0,-0.03893202646637881,0.0,0.035528182125823496,-0.0751788020488476,0.20308337494961767
nominal__v_3,3.3531795533139914,212.57371553395228,148.61388508200105,3.079372777780867,95.49043612163656,459.14541199432404,-8.517582110626398,21.154722684878433,1.8053837439647136,1.8905286502585092,0.6683786936573944,2.171947491570358,-1.427582806072921,2.6182258713506674,6.187969030151541,1.2785667514080803,0.8831416150703321,4.795292230904747,3.94395022271719,2.230259770345179,-1.1497509433900506,4.437023132847159,-0.11445643916525793,-0.1016854297263392,0.37398963521245476,0.40961149373023875,-0.2283311860977993,0.07134373252313357,-0.06850401586775343,1.0226693931951365,-0.05266418843494973,0.11444985781375483,0.1437254721515177,0.21578486158704152,0.0926362889538687,0.06728362844044734,0.052925314578185854,0.0034316030273085205,0.0,-0.005442648199667751,0.0,0.03296988912953834,0.044880592028622227,-0.0321109777989735
nominal__v_32,3.997855443066661,12.652735830648933,37.68878218131474,10.026148115910763,43.251260842644335,-8.517582110626398,506.5835394225618,-42.311907678660894,4.434463089845925,10.892257705267019,17.70760431425006,-4.212931152225662,27.826737578746783,6.018925354180892,-1.1221254070171451,5.255212608331508,14.628593103205315,-2.9470316198627455,69.99831035160521,14.149468301320264,22.142949142052665,2.57145857568273,-1.1126983481385164,-2.4896580020405574,0.5534320374647668,1.101980617901652,-0.9569882860251875,0.0875483997422284,1.7332027465888022,-0.44811123679942116,-1.0061403899312598,0.2598812131881772,-0.09931264581803698,-0.003569889333549729,0.12494446452351791,0.05830896844979735,0.05200212604178818,0.010611615046828492,0.0,-0.00667872762281776,0.0,0.07666318112863861,0.48724401541045864,1.7965953915229047
nominal__v_4,2.571788754277722,16.95634420331075,46.804378177868564,3.4739982034676493,48.19634941438848,21.154722684878433,-42.311907678660894,645.6892983130158,4.42907867344864,14.49313650436411,-3.9418477954588065,7.870384447806398,6.663892913594628,9.901398899078831,24.511520581749835,2.263813937148072,-2.176527160450766,22.204948589444168,-2.789138510257129,11.134860338603767,8.732870240140588,13.30845590227849,-0.29716083551283257,-0.10202603852398578,0.5680544949280097,0.36877284145135014,-0.4557460064118477,0.05591679181910149,-0.7342601048538807,0.8740397268773498,-0.055107240414696584,0.8359129519047822,0.110391020961023,0.1244889405844436,0.17564131902367455,0.02663488314593401,-0.001947268047363193,0.00032192916513852746,0.0,-0.002433251994224909,0.0,0.09864293170112304,0.01250825517869018,-0.4190321973527963
ordinal__v_0,2.7209415945716056,2.2436675292164514,2.9647876430373743,2.676894905042671,2.8851494465514227,1.8053837439647136,4.434463089845925,4.42907867344864,5.333242121094714,3.1138824688105458,3.073180873156875,2.923522896352801,3.5970692722069826,3.0434514747981694,2.983493727295775,3.1226703958008115,3.018584230508728,2.8598733807392205,3.428788357304864,3.2212553956012187,3.4637459591213773,2.9278722445384004,-0.037053433708447575,-0.1779970818445015,0.4702963005427667,0.42329890404081827,-0.42278207790017286,0.059990127738254344,0.27454343298521133,0.3065253146396485,-0.03136233834892391,0.09781171710504967,0.044473915892723336,0.04032515567466498,0.07593510995981795,0.01827813207011935,0.0006755575327498643,0.0001566232561322761,0.0,-0.00020317379662290042,0.0,0.06837063527234333,0.030980596751944797,0.019416325803350988
ordinal__v_10,2.714267805973093,2.7227423415042686,4.669941516498328,2.9273197619317664,3.840251299936491,1.8905286502585092,10.892257705267019,14.49313650436411,3.1138824688105458,9.481940046146978,6.280395127285003,3.169208317556866,8.618136211237383,8.014249391576568,7.744626734835163,2.9540086685989895,5.613648516835724,7.4163015584732825,4.537342814063262,8.142583385611866,8.386310184855525,7.566627122663414,-0.0528907590607431,-0.19699819351018558,0.4611181261597235,0.40344287846349064,-0.3770212747181183,0.05981244189589996,0.23767526189028254,0.3724014258189523,-0.04759429812246574,0.24989594256118458,0.05431841929999139,0.050921099259859756,0.0880161417397485,0.025574488901042254,0.0013611735438270735,0.00032152076516986144,0.0,-0.00031162198197260104,0.0,0.06786808299232172,0.054536516260297575,0.04070135035905296
ordinal__v_13,2.898706287303627,2.710049344318313,5.034952749534862,3.1304072346142147,5.314754022921193,0.6683786936573944,17.70760431425006,-3.9418477954588065,3.073180873156875,6.280395127285003,10.342559787852835,2.685599198157121,8.424721521778148,7.559060034878351,5.195602967472886,3.032730377482605,7.208038501808171,4.834410984082439,7.730087296123641,7.4902603225103395,7.150819402221161,6.330058585345256,-0.0831361406895828,-0.26410066155879597,0.4704280086724674,0.4433845667183134,-0.4034957766711904,0.06387593459730866,0.3059390107083978,0.310934595333829,-0.075416918727844,0.18475856057776208,0.044826765103553934,0.04212714313896217,0.1032390966305936,0.029097066503412455,0.0019309697612751235,0.0004608490456422753,0.0,-0.0004530082734567627,0.0,0.06506996933328545,0.05387552728926361,0.0748307846570397
ordinal__v_15,2.752565054150074,0.9775904138085397,2.068743858702014,2.689923855658218,-0.8472675522799091,2.171947491570358,-4.212931152225662,7.870384447806398,2.923522896352801,3.169208317556866,2.685599198157121,6.635892587283399,2.8137675832812747,3.3444923669636344,3.7802371510112946,2.8701356985497877,2.685527804260832,3.65522950006415,0.46943868765403884,3.0383133526278074,3.0066719429469013,3.333035472127559,-0.00020918704675805533,-0.08164935448643779,0.48687662439018764,0.4038322692856256,-0.39866400208012037,0.06070394555886052,0.21654020067456675,0.3866827617518139,-0.0005421939106655944,0.1090841936086415,0.08400939217320574,0.055455731586621954,0.0894329560588055,0.023717500169051477,-0.00018619695916703412,-3.062952397286451e-05,0.0,8.369188814943545e-05,0.0,0.07017736932994958,0.019311102759279834,-0.014876775266313461
ordinal__v_17,3.0957817310249687,2.675032056837181,9.051816829731289,3.4992119482852693,7.571261346820941,-1.427582806072921,27.826737578746783,6.663892913594628,3.5970692722069826,8.618136211237383,8.424721521778148,2.8137675832812747,21.810003750273392,9.773390351488496,10.61042930986218,3.6081053522496433,6.967349031205422,10.870573005627175,8.441368404012943,10.009287312540772,15.754988932817964,8.50825578968569,-0.09463377661197207,-0.32082594647880314,0.5271757812460659,0.4810281836150922,-0.44826647335041947,0.06815314787039353,0.3302244840763881,0.40586389470156725,-0.09258539294533989,0.39739608380411057,0.055735483020095775,0.05803161737425998,0.10164734753468595,0.02990547474787794,0.0027439997535566424,0.000751769387185239,0.0,-0.0006668138998578645,0.0,0.07977576685307822,0.0913336169840869,0.10937370609419207
ordinal__v_19,2.9410130385916595,2.3639483724115564,4.3718481088074785,2.8191598657279164,1.8117188636486163,2.6182258713506674,6.018925354180892,9.901398899078831,3.0434514747981694,8.014249391576568,7.559060034878351,3.3444923669636344,9.773390351488496,14.116524687403112,13.413327924592087,2.925082774009905,6.362509448587743,12.99806205557234,2.7876842566020157,8.831071768509302,9.479505775065238,10.960694903043096,-0.026133285622396335,-0.15770777133021363,0.49069128775360304,0.41142848986280417,-0.3741434653677331,0.06482134558152713,0.22258750668569646,0.4774818443407517,-0.028605556602404728,0.3800148515938707,0.06876237457601275,0.0683261186446848,0.09487341586112527,0.026724548641283378,0.0009366025584015838,0.0002209965287443789,0.0,-0.00015428059886833607,0.0,0.07473422336434227,0.052865413945943907,0.025111542540236606
ordinal__v_22,3.0308302042347446,4.871755538042436,2.948456402949899,2.5232084491515714,0.8781787985927816,6.187969030151541,-1.1221254070171451,24.511520581749835,2.983493727295775,7.744626734835163,5.195602967472886,3.7802371510112946,10.61042930986218,13.413327924592087,30.595291366543005,2.8234820499787854,4.512112898035652,22.871224672664727,-2.545843743748546,8.030244799302382,11.996716136661124,14.520552151479361,0.028553355729596767,-0.05591787138920527,0.5002303967593303,0.37232688803176545,-0.33921406751509653,0.06682873024372354,0.12530667602661338,0.6723289193993155,0.01598447455728728,0.6638772404842502,0.09595963534245328,0.11904341568318245,0.08631787078254007,0.022235625892277414,0.0006078915739382109,4.9831432519545886e-05,0.0,-4.1437163230250026e-05,0.0,0.08178014728331764,0.05044032427654743,-0.009898396170274411
ordinal__v_23,2.735111082615546,1.7822983862661295,1.915988849737568,2.7155320759738455,2.0067754781261513,1.2785667514080803,5.255212608331508,2.263813937148072,3.1226703958008115,2.9540086685989895,3.032730377482605,2.8701356985497877,3.6081053522496433,2.925082774009905,2.8234820499787854,5.056841486962622,2.9584729353906427,2.71203627908256,3.3556765133692608,3.063963157527852,3.38127210545538,2.7907487844055465,-0.03540001412463691,-0.1538623067888699,0.45454596806224645,0.39833429124138,-0.40902563849104245,0.060321513550317084,0.25332380295007023,0.2962149354583586,-0.03099019813313743,0.09325455194759161,0.0436632588731932,0.03499601458508896,0.06604964022063395,0.018904568358099935,0.0006996788639941397,0.00014697034257556737,0.0,-0.0001592375960856125,0.0,0.06113915622027858,0.02993533088347133,0.022912681379041566
ordinal__v_24,2.7182414033028564,2.545264500163651,4.958023470910393,2.9498865747115253,4.418608259875628,0.8831416150703321,14.628593103205315,-2.176527160450766,3.018584230508728,5.613648516835724,7.208038501808171,2.685527804260832,6.967349031205422,6.362509448587743,4.512112898035652,2.9584729353906427,8.216789330125078,4.0491325727142975,6.2805514745287345,6.360534047955383,6.092798828554767,5.6794876906325555,-0.06799004449668068,-0.22701425524490196,0.4570170383223651,0.4256260190778439,-0.3799427394042212,0.05989498865021468,0.28703631442059974,0.2971835983950498,-0.06169294750797073,0.15701011129285272,0.0431093677694241,0.0392370293024772,0.08603532548683879,0.02974437811198829,0.0016340056326846156,0.00040003177990470713,0.0,-0.0003758546714318138,0.0,0.06405462171590137,0.04700050804203135,0.061312085604918645
ordinal__v_29,2.904966793817319,2.8263504138587194,5.368502024140977,2.410220665278922,1.080597040177993,4.795292230904747,-2.9470316198627455,22.204948589444168,2.8598733807392205,7.4163015584732825,4.834410984082439,3.65522950006415,10.870573005627175,12.99806205557234,22.871224672664727,2.71203627908256,4.0491325727142975,27.171071595523436,-1.5054350192368313,7.68244200217575,11.771728804361242,12.363680310343678,0.020820171497315895,-0.06402851489647622,0.49027783597347385,0.3526580707748934,-0.32804801050546883,0.06400813555617597,0.128906018568818,0.6176164263887239,0.010221656081601187,0.6290669842756236,0.09830696636211841,0.09572083565132923,0.08255897785459138,0.021042781667436502,0.00025372804866006897,7.342482884001232e-05,0.0,-3.8059329198430074e-05,0.0,0.08279675044147289,0.04712863725998803,-0.014014360245552727
ordinal__v_31,2.6608438366861074,18.790861527013952,41.695496600982665,8.258601696718753,56.79218174106118,3.94395022271719,69.99831035160521,-2.789138510257129,3.428788357304864,4.537342814063262,7.730087296123641,0.46943868765403884,8.441368404012943,2.7876842566020157,-2.545843743748546,3.3556765133692608,6.2805514745287345,-1.5054350192368313,62.19777369501023,5.882562869502374,5.510911411029139,0.755427578679409,-0.7004497265500755,-1.312775968360805,0.44314223811962483,0.593136302153283,-0.6805393252456372,0.057973098833406865,0.771856609481389,0.09466900280454928,-0.5472884507370235,0.038216694808378526,-0.0014134543919770148,0.010979225082869942,0.09947664432636547,0.04889207401463839,0.007785729015656925,0.0023488554995800687,0.0,-0.0038566038941497526,0.0,0.05110239578412443,0.09072791035399083,0.3207212107317502
ordinal__v_33,2.8422231979596315,3.4976900605801253,6.274308003409865,3.0790386447741125,6.256103663846211,2.230259770345179,14.149468301320264,11.134860338603767,3.2212553956012187,8.142583385611866,7.4902603225103395,3.0383133526278074,10.009287312540772,8.831071768509302,8.030244799302382,3.063963157527852,6.360534047955383,7.68244200217575,5.882562869502374,10.603146329506618,8.850246848285705,7.894615074096022,-0.06828593550188815,-0.2301283253998475,0.4780639979222171,0.4283053090403785,-0.39639328702166654,0.06260741563221779,0.2636897206452843,0.3783477113190541,-0.060897513914674954,0.2660441577788505,0.053611568132165735,0.051822898695246394,0.09522973650886649,0.027782288349848402,0.0017417737603191968,0.00042269606511960835,0.0,-0.00047798393194845175,0.0,0.07166896860711455,0.05770812012998887,0.05502302003968105
ordinal__v_5,2.9959054926490443,2.3302483740078515,4.461182735871153,3.1662300459424624,5.605638406903258,-1.1497509433900506,22.142949142052665,8.732870240140588,3.4637459591213773,8.386310184855525,7.150819402221161,3.0066719429469013,15.754988932817964,9.479505775065238,11.996716136661124,3.38127210545538,6.092798828554767,11.771728804361242,5.510911411029139,8.850246848285705,20.312151760324486,8.597123541167017,-0.054504620408430134,-0.25995580657310724,0.5055019861689858,0.44637908082653543,-0.41545492079778823,0.06603106374264395,0.28555947474013116,0.41898772019252517,-0.06506791876326204,0.41276516533494445,0.06001675228962914,0.06214475426099142,0.09352956230997726,0.02696278100117771,0.002181907391862064,0.0005318979840044582,0.0,-0.0005064143993992539,0.0,0.07830415811835365,0.07811675709394651,0.08816162644598506
ordinal__v_6,2.792527703125103,4.118911052331009,4.032680152377963,2.5628021170876596,2.2534531773985984,4.437023132847159,2.57145857568273,13.30845590227849,2.9278722445384004,7.566627122663414,6.330058585345256,3.333035472127559,8.50825578968569,10.960694903043096,14.520552151479361,2.7907487844055465,5.6794876906325555,12.363680310343678,0.755427578679409,7.894615074096022,8.597123541167017,13.499576671578161,-0.006610579411797341,-0.11096465786013343,0.4649450561751345,0.3828218725105842,-0.34629088738454306,0.06155076988830423,0.18387951415837636,0.5142614036133072,-0.010824064842630087,0.36985532829687495,0.06817056455792507,0.07121931039072428,0.08715150893876197,0.024621144559136523,0.0007890983012365067,0.00014678105462904466,0.0,-0.00015132546069015676,0.0,0.07095065358726736,0.04795583425033256,0.009047940203672764
binary__v_1,-0.024997986603905845,-0.3363718948772367,-0.7500988337853178,-0.09290714210888606,-1.1057064541392936,-0.11445643916525793,-1.1126983481385164,-0.29716083551283257,-0.037053433708447575,-0.0528907590607431,-0.0831361406895828,-0.00020918704675805533,-0.09463377661197207,-0.026133285622396335,0.028553355729596767,-0.03540001412463691,-0.06799004449668068,0.020820171497315895,-0.7004497265500755,-0.06828593550188815,-0.054504620408430134,-0.006610579411797341,0.080679457384569,0.015505282506667026,-0.004651013691640574,-0.006750879352687349,0.0075248563309893435,-0.000538250761314624,-0.008155843621119886,-0.0009923773283844813,0.006656164185967516,-0.000563311924251058,0.0001771218592970711,-7.98248937043514e-05,-0.0011742059367742112,-0.0006193027636726019,-0.00012982968418260226,-3.9449307781479835e-05,0.0,7.302085328979402e-05,0.0,-0.0005369737477629808,-0.0011614780125311797,-0.004533784369522431
binary__v_11,-0.15288048085822303,-0.41040902949109714,-0.8248727398613493,-0.3078124366006047,-1.102440951215109,-0.1016854297263392,-2.4896580020405574,-0.10202603852398578,-0.1779970818445015,-0.19699819351018558,-0.26410066155879597,-0.08164935448643779,-0.32082594647880314,-0.15770777133021363,-0.05591787138920527,-0.1538623067888699,-0.22701425524490196,-0.06402851489647622,-1.312775968360805,-0.2301283253998475,-0.25995580657310724,-0.11096465786013343,0.015505282506667026,0.24886298149791053,-0.021576691493409007,-0.024063004647756688,0.025257367626479954,-0.003358899687095377,-0.0236820745707038,-0.009460156716661483,0.012500770565802937,-0.004536673919118849,-0.0011271771261656138,-0.00137174501722898,-0.00418265863863351,-0.0014920826410179206,-0.0002723949396960227,-6.762378725020724e-05,0.0,8.419872370240807e-05,0.0,-0.0027377574340936225,-0.0035432567563130433,-0.010117237281376501
binary__v_14,0.4269813135209749,0.34420762692526724,0.39726457850104513,0.42537591153435317,0.3199100713066139,0.37398963521245476,0.5534320374647668,0.5680544949280097,0.4702963005427667,0.4611181261597235,0.4704280086724674,0.48687662439018764,0.5271757812460659,0.49069128775360304,0.5002303967593303,0.45454596806224645,0.4570170383223651,0.49027783597347385,0.44314223811962483,0.4780639979222171,0.5055019861689858,0.4649450561751345,-0.004651013691640574,-0.021576691493409007,0.14721523460444688,0.0538247111397849,-0.05327355727966966,0.00941510947973531,0.032589160708694595,0.04319053004203827,-0.004018673594049894,0.015699354871500926,0.0073884680100712655,0.005845192766509185,0.010313705617881273,0.0028237437818524535,0.00010173726002264615,2.0206140854180126e-05,0.0,-2.303781738923217e-05,0.0,0.008453796821194634,0.004041384545637034,0.002483238520994711
binary__v_26,0.44647087578296085,0.620979215712782,0.490058177861733,0.3915349639634619,0.5564611909978661,0.40961149373023875,1.101980617901652,0.36877284145135014,0.42329890404081827,0.40344287846349064,0.4433845667183134,0.4038322692856256,0.4810281836150922,0.41142848986280417,0.37232688803176545,0.39833429124138,0.4256260190778439,0.3526580707748934,0.593136302153283,0.4283053090403785,0.44637908082653543,0.3828218725105842,-0.006750879352687349,-0.024063004647756688,0.0538247111397849,0.19341216309997428,-0.04862364903232548,0.009843530414444886,0.03146077075812658,0.03652457601248098,-0.005694391922762975,0.012457570123155768,0.006324735341591688,0.005018573243419684,0.009226905118146058,0.0026504132198945105,0.00016330349532557613,3.2954180972013074e-05,0.0,-4.122275306948009e-05,0.0,0.007364048829162751,0.0041055678112860775,0.004547436976031387
binary__v_27,-0.4174444643669426,-0.3403681797036061,-0.4499690819760657,-0.4097107302224715,-0.5111388918170856,-0.2283311860977993,-0.9569882860251875,-0.4557460064118477,-0.42278207790017286,-0.3770212747181183,-0.4034957766711904,-0.39866400208012037,-0.44826647335041947,-0.3741434653677331,-0.33921406751509653,-0.40902563849104245,-0.3799427394042212,-0.32804801050546883,-0.6805393252456372,-0.39639328702166654,-0.41545492079778823,-0.34629088738454306,0.0075248563309893435,0.025257367626479954,-0.05327355727966966,-0.04862364903232548,0.19638018112349434,-0.009203719745725984,-0.03169956405746503,-0.03534157144203694,0.006212398366998289,-0.011540520176918662,-0.006074912145600768,-0.004774443120059377,-0.009003220023266003,-0.0025322757974959847,-0.00012688603801987318,-2.9208206024572008e-05,0.0,3.740928733777173e-05,0.0,-0.0072525513296863384,-0.003865045115715792,-0.004134356698012642
binary__v_28,0.3510188374875483,0.10172754349294684,-0.20260660309676282,0.053964106873062356,-0.05786934381898976,0.07134373252313357,0.0875483997422284,0.05591679181910149,0.059990127738254344,0.05981244189589996,0.06387593459730866,0.06070394555886052,0.06815314787039353,0.06482134558152713,0.06682873024372354,0.060321513550317084,0.05989498865021468,0.06400813555617597,0.057973098833406865,0.06260741563221779,0.06603106374264395,0.06155076988830423,-0.000538250761314624,-0.003358899687095377,0.00941510947973531,0.009843530414444886,-0.009203719745725984,0.03892317463560432,0.004655781468761156,0.006161137856956629,-0.0005080131745827495,0.0020586238835021745,0.0021276512501021572,0.0012539666826785682,0.0015172011070648875,0.0005519274758878057,1.752180960007349e-05,-3.2243162166856183e-06,0.0,2.618289919640664e-06,0.0,0.0010857585353684853,0.0007783364005072594,0.00038283865003338913
binary__v_30,0.2107444067126133,0.042376668808581694,-0.29629771720688325,0.2406458423470749,-0.16465609237183404,-0.06850401586775343,1.7332027465888022,-0.7342601048538807,0.27454343298521133,0.23767526189028254,0.3059390107083978,0.21654020067456675,0.3302244840763881,0.22258750668569646,0.12530667602661338,0.25332380295007023,0.28703631442059974,0.128906018568818,0.771856609481389,0.2636897206452843,0.28555947474013116,0.18387951415837636,-0.008155843621119886,-0.0236820745707038,0.032589160708694595,0.03146077075812658,-0.03169956405746503,0.004655781468761156,0.2486783825467661,0.017112394149060052,-0.007241235156600499,0.005650367647288591,0.0030251661830101124,0.002483526240635686,0.00534593663874934,0.0015858938954671077,0.00017330413699345412,2.6020233718576273e-05,0.0,-4.800974536573401e-06,0.0,0.004490357280491908,0.0035284680275573027,0.007257936524122382
binary__v_9,0.28035530014505894,0.9944171209873436,1.4274499499790476,0.2946442788384232,0.7838305434512922,1.0226693931951365,-0.44811123679942116,0.8740397268773498,0.3065253146396485,0.3724014258189523,0.310934595333829,0.3866827617518139,0.40586389470156725,0.4774818443407517,0.6723289193993155,0.2962149354583586,0.2971835983950498,0.6176164263887239,0.09466900280454928,0.3783477113190541,0.41898772019252517,0.5142614036133072,-0.0009923773283844813,-0.009460156716661483,0.04319053004203827,0.03652457601248098,-0.03534157144203694,0.006161137856956629,0.017112394149060052,0.2342760556561678,-0.0006529501559370918,0.01766939648257108,0.0063153105313786245,0.005405027215449982,0.00768168960378305,0.002108757958889061,7.298421827088119e-05,2.5947015721769404e-05,0.0,-4.1553935778569054e-05,0.0,0.006146029014364517,0.00228887288331082,-0.0014693882939826029
bin_literal,-0.02340081321324899,-0.20868598380897768,-0.46938198672349446,-0.07417478345242327,-0.6679430543731646,-0.05266418843494973,-1.0061403899312598,-0.055107240414696584,-0.03136233834892391,-0.04759429812246574,-0.075416918727844,-0.0005421939106655944,-0.09258539294533989,-0.028605556602404728,0.01598447455728728,-0.03099019813313743,-0.06169294750797073,0.010221656081601187,-0.5472884507370235,-0.060897513914674954,-0.06506791876326204,-0.010824064842630087,0.006656164185967516,0.012500770565802937,-0.004018673594049894,-0.005694391922762975,0.006212398366998289,-0.0005080131745827495,-0.007241235156600499,-0.0006529501559370918,0.04351409612176027,-0.0006944233761907155,0.00010657801233240267,-9.66300536973107e-05,-0.0009406070053849772,-0.00046971742168610544,-0.00011143856027130235,-3.0618926285723035e-05,0.0,4.6867813020001566e-05,0.0,-0.00048032934619079976,-0.0011171488513395601,-0.004082582177859668
ord_norm,0.09343437354581166,0.11421140217230784,0.17896256846747155,0.08729082674403191,0.11101236197705414,0.11444985781375483,0.2598812131881772,0.8359129519047822,0.09781171710504967,0.24989594256118458,0.18475856057776208,0.1090841936086415,0.39739608380411057,0.3800148515938707,0.6638772404842502,0.09325455194759161,0.15701011129285272,0.6290669842756236,0.038216694808378526,0.2660441577788505,0.41276516533494445,0.36985532829687495,-0.000563311924251058,-0.004536673919118849,0.015699354871500926,0.012457570123155768,-0.011540520176918662,0.0020586238835021745,0.005650367647288591,0.01766939648257108,-0.0006944233761907155,0.02943838487818641,0.0026042456313229104,0.002843516233639575,0.0028286520026914153,0.0007567748883500981,4.060431836087573e-05,9.304945492933791e-06,0.0,-8.554330325019592e-06,0.0,0.002533631743707161,0.0018933225588234522,0.0007989924477160927
binary_sum,0.09640517407722006,0.07528548766234336,-0.01561372304587183,0.03934866341018915,-0.06853146489378852,0.1437254721515177,-0.09931264581803698,0.110391020961023,0.044473915892723336,0.05431841929999139,0.044826765103553934,0.08400939217320574,0.055735483020095775,0.06876237457601275,0.09595963534245328,0.0436632588731932,0.0431093677694241,0.09830696636211841,-0.0014134543919770148,0.053611568132165735,0.06001675228962914,0.06817056455792507,0.0001771218592970711,-0.0011271771261656138,0.0073884680100712655,0.006324735341591688,-0.006074912145600768,0.0021276512501021572,0.0030251661830101124,0.0063153105313786245,0.00010657801233240267,0.0026042456313229104,0.02776402641011901,0.001010007318177789,0.0012938439246647335,0.00036548971333062806,6.455645776780773e-06,-2.2792922794122823e-06,0.0,4.776330273609294e-06,0.0,0.001034018936545859,0.0003775708716823983,-0.00034051893878979806
ratio__v_16,0.056861973722096365,0.12013348989433498,0.04520601709133062,0.03620543179914255,-0.006054215148507888,0.21578486158704152,-0.003569889333549729,0.1244889405844436,0.04032515567466498,0.050921099259859756,0.04212714313896217,0.055455731586621954,0.05803161737425998,0.0683261186446848,0.11904341568318245,0.03499601458508896,0.0392370293024772,0.09572083565132923,0.010979225082869942,0.051822898695246394,0.06214475426099142,0.07121931039072428,-7.98248937043514e-05,-0.00137174501722898,0.005845192766509185,0.005018573243419684,-0.004774443120059377,0.0012539666826785682,0.002483526240635686,0.005405027215449982,-9.66300536973107e-05,0.002843516233639575,0.001010007318177789,0.035204446092555894,0.0010265169722995788,0.0002861949527392433,2.4918658691284782e-05,1.0250946494911907e-06,0.0,3.789969625078896e-07,0.0,0.0008340162941079413,0.00040712360084924396,-1.1557498235640195e-05
ratio__v_2,0.0689906754755814,0.09535703015360748,0.2924185634109392,0.080234603891745,0.17556468692220403,0.0926362889538687,0.12494446452351791,0.17564131902367455,0.07593510995981795,0.0880161417397485,0.1032390966305936,0.0894329560588055,0.10164734753468595,0.09487341586112527,0.08631787078254007,0.06604964022063395,0.08603532548683879,0.08255897785459138,0.09947664432636547,0.09522973650886649,0.09352956230997726,0.08715150893876197,-0.0011742059367742112,-0.00418265863863351,0.010313705617881273,0.009226905118146058,-0.009003220023266003,0.0015172011070648875,0.00534593663874934,0.00768168960378305,-0.0009406070053849772,0.0028286520026914153,0.0012938439246647335,0.0010265169722995788,0.034746278090879934,0.0005378273631142271,2.3930012977058192e-05,9.465486813765325e-06,0.0,-1.1167272504786565e-05,0.0,0.0014282172535226927,0.0007121486553931403,0.0005268386493183745
ratio__v_34,0.02509811562823769,0.06917739860957471,0.10722359636439874,0.019830799494540335,0.15399031739136704,0.06728362844044734,0.05830896844979735,0.02663488314593401,0.01827813207011935,0.025574488901042254,0.029097066503412455,0.023717500169051477,0.02990547474787794,0.026724548641283378,0.022235625892277414,0.018904568358099935,0.02974437811198829,0.021042781667436502,0.04889207401463839,0.027782288349848402,0.02696278100117771,0.024621144559136523,-0.0006193027636726019,-0.0014920826410179206,0.0028237437818524535,0.0026504132198945105,-0.0025322757974959847,0.0005519274758878057,0.0015858938954671077,0.002108757958889061,-0.00046971742168610544,0.0007567748883500981,0.00036548971333062806,0.0002861949527392433,0.0005378273631142271,0.037958420000424715,1.398679707691516e-05,3.7100337763604733e-06,0.0,-9.371660924912127e-06,0.0,0.0003846459122641493,0.0002072057194497763,0.0002636273105959501
ratio__v_35,0.0008112953841190587,0.026239545688566752,0.021362166627423997,0.0014099027172844415,0.01571753019735992,0.052925314578185854,0.05200212604178818,-0.001947268047363193,0.0006755575327498643,0.0013611735438270735,0.0019309697612751235,-0.00018619695916703412,0.0027439997535566424,0.0009366025584015838,0.0006078915739382109,0.0006996788639941397,0.0016340056326846156,0.00025372804866006897,0.007785729015656925,0.0017417737603191968,0.002181907391862064,0.0007890983012365067,-0.00012982968418260226,-0.0002723949396960227,0.00010173726002264615,0.00016330349532557613,-0.00012688603801987318,1.752180960007349e-05,0.00017330413699345412,7.298421827088119e-05,-0.00011143856027130235,4.060431836087573e-05,6.455645776780773e-06,2.4918658691284782e-05,2.3930012977058192e-05,1.398679707691516e-05,0.0751218788038601,1.5124411570166976e-06,0.0,-1.3366839462817145e-06,0.0,1.188516168676395e-05,5.623756224110739e-05,0.00018420211801800293
ratio__v_36,-0.00012780602115733107,0.0036775254845601846,0.022650330153863706,0.0003744942678004509,0.01033818247076546,0.0034316030273085205,0.010611615046828492,0.00032192916513852746,0.0001566232561322761,0.00032152076516986144,0.0004608490456422753,-3.062952397286451e-05,0.000751769387185239,0.0002209965287443789,4.9831432519545886e-05,0.00014697034257556737,0.00040003177990470713,7.342482884001232e-05,0.0023488554995800687,0.00042269606511960835,0.0005318979840044582,0.00014678105462904466,-3.9449307781479835e-05,-6.762378725020724e-05,2.0206140854180126e-05,3.2954180972013074e-05,-2.9208206024572008e-05,-3.2243162166856183e-06,2.6020233718576273e-05,2.5947015721769404e-05,-3.0618926285723035e-05,9.304945492933791e-06,-2.2792922794122823e-06,1.0250946494911907e-06,9.465486813765325e-06,3.7100337763604733e-06,1.5124411570166976e-06,0.0662412877977661,0.0,-6.844510313750239e-07,0.0,2.7727423071671433e-06,9.109460981563515e-06,3.836753559856836e-05
ratio__v_37,0.0,0.0,0.0,0.0,0.0,0.0,0.0,0.0,0.0,0.0,0.0,0.0,0.0,0.0,0.0,0.0,0.0,0.0,0.0,0.0,0.0,0.0,0.0,0.0,0.0,0.0,0.0,0.0,0.0,0.0,0.0,0.0,0.0,0.0,0.0,0.0,0.0,0.0,0.05980005123618218,0.0,0.0,0.0,0.0,0.0
ratio__v_38,0.00010005233934065968,-0.01070584468384199,-0.023009920863178858,-0.000560102657403422,-0.03893202646637881,-0.005442648199667751,-0.00667872762281776,-0.002433251994224909,-0.00020317379662290042,-0.00031162198197260104,-0.0004530082734567627,8.369188814943545e-05,-0.0006668138998578645,-0.00015428059886833607,-4.1437163230250026e-05,-0.0001592375960856125,-0.0003758546714318138,-3.8059329198430074e-05,-0.0038566038941497526,-0.00047798393194845175,-0.0005064143993992539,-0.00015132546069015676,7.302085328979402e-05,8.419872370240807e-05,-2.303781738923217e-05,-4.122275306948009e-05,3.740928733777173e-05,2.618289919640664e-06,-4.800974536573401e-06,-4.1553935778569054e-05,4.6867813020001566e-05,-8.554330325019592e-06,4.776330273609294e-06,3.789969625078896e-07,-1.1167272504786565e-05,-9.371660924912127e-06,-1.3366839462817145e-06,-6.844510313750239e-07,0.0,0.06689038255690369,0.0,-2.6839839549254628e-06,3.182484483917938e-07,-2.655499952196377e-05
ratio__v_39,0.0,0.0,0.0,0.0,0.0,0.0,0.0,0.0,0.0,0.0,0.0,0.0,0.0,0.0,0.0,0.0,0.0,0.0,0.0,0.0,0.0,0.0,0.0,0.0,0.0,0.0,0.0,0.0,0.0,0.0,0.0,0.0,0.0,0.0,0.0,0.0,0.0,0.0,0.0,0.0,0.06666782296612343,0.0,0.0,0.0
ratio__v_40,0.049246425456344986,0.03467780570192419,0.05394399999821632,0.048915263320052055,0.035528182125823496,0.03296988912953834,0.07666318112863861,0.09864293170112304,0.06837063527234333,0.06786808299232172,0.06506996933328545,0.07017736932994958,0.07977576685307822,0.07473422336434227,0.08178014728331764,0.06113915622027858,0.06405462171590137,0.08279675044147289,0.05110239578412443,0.07166896860711455,0.07830415811835365,0.07095065358726736,-0.0005369737477629808,-0.0027377574340936225,0.008453796821194634,0.007364048829162751,-0.0072525513296863384,0.0010857585353684853,0.004490357280491908,0.006146029014364517,-0.00048032934619079976,0.002533631743707161,0.001034018936545859,0.0008340162941079413,0.0014282172535226927,0.0003846459122641493,1.188516168676395e-05,2.7727423071671433e-06,0.0,-2.6839839549254628e-06,0.0,0.034982530529103155,0.000576239758972133,0.00032611271249011024
ratio__v_7,0.03526415398181337,0.020169473932290065,-0.009104502530847408,0.02985074367389525,-0.0751788020488476,0.044880592028622227,0.48724401541045864,0.01250825517869018,0.030980596751944797,0.054536516260297575,0.05387552728926361,0.019311102759279834,0.0913336169840869,0.052865413945943907,0.05044032427654743,0.02993533088347133,0.04700050804203135,0.04712863725998803,0.09072791035399083,0.05770812012998887,0.07811675709394651,0.04795583425033256,-0.0011614780125311797,-0.0035432567563130433,0.004041384545637034,0.0041055678112860775,-0.003865045115715792,0.0007783364005072594,0.0035284680275573027,0.00228887288331082,-0.0011171488513395601,0.0018933225588234522,0.0003775708716823983,0.00040712360084924396,0.0007121486553931403,0.0002072057194497763,5.623756224110739e-05,9.109460981563515e-06,0.0,3.182484483917938e-07,0.0,0.000576239758972133,0.03762395449449158,0.001769950814782508
ratio__v_8,0.017481479140626387,0.06179375109503424,0.16398813433601103,0.044761214264119865,0.20308337494961767,-0.0321109777989735,1.7965953915229047,-0.4190321973527963,0.019416325803350988,0.04070135035905296,0.0748307846570397,-0.014876775266313461,0.10937370609419207,0.025111542540236606,-0.009898396170274411,0.022912681379041566,0.061312085604918645,-0.014014360245552727,0.3207212107317502,0.05502302003968105,0.08816162644598506,0.009047940203672764,-0.004533784369522431,-0.010117237281376501,0.002483238520994711,0.004547436976031387,-0.004134356698012642,0.00038283865003338913,0.007257936524122382,-0.0014693882939826029,-0.004082582177859668,0.0007989924477160927,-0.00034051893878979806,-1.1557498235640195e-05,0.0005268386493183745,0.0002636273105959501,0.00018420211801800293,3.836753559856836e-05,0.0,-2.655499952196377e-05,0.0,0.00032611271249011024,0.001769950814782508,0.03637032593759306
