,nominal__v_12,nominal__v_18,nominal__v_20,nominal__v_21,nominal__v_25,nominal__v_3,nominal__v_32,nominal__v_4,ordinal__v_0,ordinal__v_10,ordinal__v_13,ordinal__v_15,ordinal__v_17,ordinal__v_19,ordinal__v_22,ordinal__v_23,ordinal__v_24,ordinal__v_29,ordinal__v_31,ordinal__v_33,ordinal__v_5,ordinal__v_6,binary__v_1,binary__v_11,binary__v_14,binary__v_26,binary__v_27,binary__v_28,binary__v_30,binary__v_9,bin_literal,ord_norm,binary_sum,ratio__v_16,ratio__v_2,ratio__v_34,ratio__v_35,ratio__v_36,ratio__v_37,ratio__v_38,ratio__v_39,ratio__v_40,ratio__v_7,ratio__v_8
nominal__v_12,16.024542011770468,4.85475636213056,-8.572025548642651,2.5856472829910366,-2.4384756865383292,3.485522148177664,4.127197574316723,2.7055878230910366,2.8543721511530036,2.8474767536676584,3.031890950575531,2.886056646690915,2.9519856413701975,2.838374380082369,3.0725064323275624,2.8685659904751306,2.8517518779404187,3.0384367843280184,2.6774208559118526,2.8564670396351115,2.852219071324143,2.8785302887460893,0.08376561230644068,-0.29094066173186467,0.5645578980943644,0.5840076629832431,-0.5550333601436569,0.4887297240321151,0.3487085971345517,0.41819017353143245,0.07114521864280965,0.1389016492837792,0.23456937802951805,0.19509230501845481,0.20720075522192227,0.16338517582863674,0.03747681868343083,0.07571973415319753,0.04730051667067439,0.036831239038176686,0.03430582619585718,0.18002143308772597,0.17353318418471536,0.11198657966988257
nominal__v_18,4.85475636213056,337.25396098743335,141.6326709876883,4.442737658021052,183.44183973250026,212.3363501818096,12.768675465132057,16.787899826904535,2.101403834689796,2.579591503508452,2.566935439798953,0.8375450053023262,2.8084214927620024,2.221441914570992,5.00152796234995,1.6407862117099572,2.4338972745084533,2.6832337557972563,18.89628357508325,3.4383547364368114,2.4643967448355557,4.2498750474244025,-0.2472686102176607,-0.28151948269700283,0.36844308396990855,0.758212603760593,-0.41468608460277684,0.09670958463140647,0.08354088286742074,1.1309878949433916,-0.10736717384659043,0.1846836637455407,0.2134885532364682,0.25825251513461134,0.18335526526391296,0.17758577335215026,0.03400438279150674,0.0712897387231666,0.08230625363349213,-0.07130076480004591,0.054301232901389045,0.061685925129656566,0.1324384472549435,0.09342873572039725
nominal__v_20,-8.572025548642651,141.6326709876883,905.1366991961509,7.670622121473303,392.6124355897272,148.48918619281196,37.76073281191072,46.860255229049486,3.0977460283893876,4.523401186619116,4.887642301152132,2.203514546153107,9.173315002472178,4.5024608226736955,2.804843140590859,1.774292678790776,5.087526251934515,5.498375517801109,41.76065482687269,6.124821229370905,4.314832731541267,3.8871593774805455,-0.8560337816652813,-0.685080213110812,0.4749154446965383,0.5742407303632575,-0.5539593834195051,-0.3405799587511221,-0.43410606106416416,1.5632569106117589,-0.5260049485883286,0.301928542938312,-0.03676375890561874,-0.04598192873536262,0.4302343542038103,0.24156848685561041,0.11710144657640444,0.16094182976419658,0.05491340101982522,0.02268229821544819,0.10262769475834628,0.05357088946834989,-0.06278069206869279,0.14371742045894553
nominal__v_21,2.5856472829910366,4.442737658021052,7.670622121473303,8.951940168122713,8.392670535129227,3.211974810706653,10.147268560447024,3.606757722843979,2.810288950064012,3.0605043977899937,3.195539219027314,2.8235031657741687,3.354372777016303,2.6758458101271465,2.6570434932459968,2.8490112040604774,3.0829882872073253,2.5304236949484937,8.382348983554616,3.1564882531972382,3.259440799476549,2.661645458916207,-0.029978519223084234,-0.445601761609794,0.5629518862001583,0.5291603097074723,-0.5473052029214428,0.056143981176565966,0.3615830169450947,0.43245328826633417,-0.03479601673084623,0.1432974404966947,0.13134385693447165,0.17447302031974457,0.21842584804498424,0.1464045983256988,0.03159012882962125,0.07811440004003535,0.060222691274944604,0.02598633782387494,0.04402244894079509,0.18633734669348506,0.16444145657719275,0.16385189198172628
nominal__v_25,-2.4384756865383292,183.44183973250026,392.6124355897272,8.392670535129227,667.1322437213184,95.18254449093749,43.03812772965286,48.25111805817365,3.0183017470560305,3.6951380474965725,5.2941764015573884,-0.9842464988039794,7.418323769911549,1.6702113589358476,1.0142624267499605,1.864881087949963,4.272573552070465,0.941251129521701,56.829941048867944,6.383377090417175,5.734348217763557,2.387666327797402,-1.2420782239605797,-0.9621706415678754,0.29437644510353084,0.6210515815545893,-0.44240664102208466,-0.17772274623772963,-0.3026939282621661,0.76445778222167,-0.8050946524178116,0.2332032616376739,-0.20674091031009248,-0.14437496743802522,0.31358613322712997,0.2920490991252333,-0.09589615402954632,0.14281066144277876,0.020085945038659184,-0.17719474309748925,0.10290904291259605,0.09668112233324591,-0.21337715904749716,0.17342544228697274
nominal__v_3,3.485522148177664,212.3363501818096,148.48918619281196,3.211974810706653,95.18254449093749,458.4862087020437,-8.640668823269632,21.255675835913337,1.6893954526167503,1.9305507847592527,0.528777909428986,2.029642958662007,-1.5635559725686854,2.7033661606035517,6.315215349184352,1.1379758443801709,0.7432756470856964,4.925528539467332,3.7985538384610296,2.364651580892046,-1.2860422713396067,4.56755892805224,-0.011957490447142165,-0.09233068579031035,0.5116585694256389,0.5423867871657034,-0.28169897529148574,0.10764415433360933,0.03776507561826166,1.1591911624388684,0.06675782853778639,0.1792662895225444,0.28180837106473494,0.3537350590382598,0.2308048460239943,0.20549607127839747,0.19116329054832354,0.11042990620240571,0.12022309330193848,-0.015570090775971789,0.11787990791137541,0.12029633367174976,0.18313275409883212,0.03551927064942698
nominal__v_32,4.127197574316723,12.768675465132057,37.76073281191072,10.147268560447024,43.03812772965286,-8.640668823269632,505.8404700862124,-42.37011503853668,4.287734406879438,11.011360319574708,17.814692859591446,-4.343754315791746,27.913898623587617,5.869930037660096,-0.9825980210817423,5.384188439282324,14.741141476937749,-3.0783783548646393,70.01184926971818,14.262799601050236,22.243467781067373,2.427914926963416,-1.2490658962957109,-2.6236127031030088,0.6806149278299951,1.2383131745520242,-1.0935832592977617,0.10217860136782633,1.868493939276663,-0.5856433940295355,-1.142696338923288,0.39774611783915803,-0.23747208709993095,0.1174413401576517,0.21596724517238766,0.1652305073335251,0.19024173591810853,0.1489243993633583,-0.03181275967155371,-0.1449984649058305,-0.06638075238625749,0.2148582221635327,0.6247146886507614,1.9317586362185764
nominal__v_4,2.7055878230910366,16.787899826904535,46.860255229049486,3.606757722843979,48.25111805817365,21.255675835913337,-42.37011503853668,644.7003033818373,4.5598244667674654,14.605852761312594,-4.0733874817963445,7.995250238752428,6.513418539902135,9.745584985892993,24.60747953424711,2.1210696003156846,-2.311042871996568,22.104135736700616,-2.6440107098418753,11.253605007582989,8.57843684954354,13.42368626967825,-0.43496812430065573,-0.2401725911369595,0.645633130470532,0.4306335617237321,-0.5932625810274652,-0.06113278075167542,-0.8712810229139736,0.9277327254740575,-0.19334129283212922,0.9727730765513172,-0.028116811780343923,0.22989172020019388,0.31366645062754195,0.1233106734721802,0.050006197733423734,0.04090490726015863,0.006472794846892953,-0.058304151193308236,0.0398218689935109,0.196001192551032,0.07529902090680693,-0.5566199864681932
ordinal__v_0,2.8543721511530036,2.101403834689796,3.0977460283893876,2.810288950064012,3.0183017470560305,1.6893954526167503,4.287734406879438,4.5598244667674654,5.47633507238453,3.246738875443773,3.1175572723821,3.0565633888330197,3.469661196047257,2.89974726941469,2.9167420522258856,3.255517386474397,3.1516222096535498,2.9939440962741584,3.4806477223090453,3.3538838311529613,3.5962506517139605,2.867149031182357,0.06531646147958955,-0.3160198852131358,0.6077897043604324,0.5608704371481161,-0.5603561364837195,0.04924996919949737,0.4124006887355462,0.4443190580669696,0.05310471831418235,0.15248045545421682,0.18051004247047034,0.1785862834476381,0.2141348550843309,0.15634101709166096,0.04151654445617838,0.06755814575576852,0.04807972934106211,0.053542627179636884,0.039873042820549924,0.2065804140234394,0.16925766275915452,0.14458996737456853
ordinal__v_10,2.8474767536676584,2.579591503508452,4.523401186619116,3.0605043977899937,3.6951380474965725,1.9305507847592527,11.011360319574708,14.605852761312594,3.246738875443773,9.61769849875663,6.342292960497744,3.301581102338998,8.672663257004247,8.138482281031793,7.591647527438477,3.0874954148374494,5.742380632598643,7.419798920551052,4.665976775087107,8.266466458583771,8.51043132436652,7.691463560129257,0.06482432894728228,-0.32195512547749056,0.5986252600052843,0.5152374758000836,-0.4919551179752011,0.06420182008814486,0.30276569758979394,0.4683410001985717,0.048969540155264335,0.3859607312586139,0.17144076273949604,0.17453532788858203,0.2246354548644846,0.16386067071597765,0.049345011828647,0.0633505602328345,0.04767025227267512,0.030819962482366063,0.05938531324220502,0.20607805841950444,0.1927724734443613,0.156433869236575
ordinal__v_13,3.031890950575531,2.566935439798953,4.887642301152132,3.195539219027314,5.2941764015573884,0.528777909428986,17.814692859591446,-4.0733874817963445,3.1175572723821,6.342292960497744,10.47679674758118,2.7624230343361975,8.546517302530095,7.684148907845857,5.046567787613864,3.166226644347168,7.3340254989563585,4.688389657206325,7.852832113297653,7.61527162087454,7.270953560850443,6.457226204487465,-0.008967009428752481,-0.40197127534324884,0.6079301948975252,0.5809281630594466,-0.54110893290178,0.07138623459553838,0.4437408854720062,0.36224736815354613,-0.003603605368277747,0.27911056301963455,0.15916937550061203,0.18038483320310778,0.241390766428816,0.1673777295413569,0.0375827757509771,0.06813302657422411,0.051495612290072046,0.034677896163562004,0.06320904688806532,0.192768856221936,0.18251930221269339,0.20598087986012104
ordinal__v_15,2.886056646690915,0.8375450053023262,2.203514546153107,2.8235031657741687,-0.9842464988039794,2.029642958662007,-4.343754315791746,7.995250238752428,3.0565633888330197,3.301581102338998,2.7624230343361975,6.776682577909996,2.6696397029988668,3.3581888131286437,3.812286372809539,3.003646117832376,2.819323641571028,3.787443932689116,0.32949741676724453,3.115352720921575,3.0295235326195744,3.465491439677319,0.1277097776420004,-0.1375435610353119,0.6243496454056723,0.5414496986571852,-0.5362908972191421,0.056855162564047025,0.35449614221887965,0.5243383946017209,0.13081126123511774,0.17284320346605014,0.2221949089764353,0.19368942297453207,0.2276076343451228,0.16200766503480782,0.03108493691085645,0.06479796606951281,0.07163717841626456,0.04528595176954873,0.032243560859268425,0.2083845783393873,0.15467234296253154,0.09870551318638536
ordinal__v_17,2.9519856413701975,2.8084214927620024,9.173315002472178,3.354372777016303,7.418323769911549,-1.5635559725686854,27.913898623587617,6.513418539902135,3.469661196047257,8.672663257004247,8.546517302530095,2.6696397029988668,21.92396737264948,9.617949055841008,10.451523333034277,3.7405419843299885,7.093935761213045,10.99043990694816,8.562721929983244,10.129838035289524,15.866243871363134,8.354987065947245,0.009118584031889799,-0.44738740464931365,0.6019786056357568,0.6114376090459912,-0.5162487582756788,0.05798005671658162,0.3845577919372868,0.3585256158779716,-0.004665594729335757,0.5350364118806546,0.1514231571886409,0.11201830047167322,0.21956589965783266,0.1599061453562334,0.04891389474914467,0.08016765161027307,0.054334874978875874,0.050516869916275554,0.06326865559381072,0.2064784208228685,0.2295045747234056,0.24232197627712299
ordinal__v_19,2.838374380082369,2.221441914570992,4.5024608226736955,2.6758458101271465,1.6702113589358476,2.7033661606035517,5.869930037660096,9.745584985892993,2.89974726941469,8.138482281031793,7.684148907845857,3.3581888131286437,9.617949055841008,14.244089640377826,13.526753120388584,2.781880280969669,6.490067460867786,13.11365053317088,2.6430680100249124,8.95370841095006,9.463707349312,11.079555105179455,0.07833580545364709,-0.24325784092001637,0.5817309958180233,0.45852412000597453,-0.32980264423590355,0.05928007911259496,0.15951190283080197,0.6149786217696513,0.0742861202174608,0.5176862146804818,0.19704300569068195,0.19108528520549284,0.2191411331026574,0.16162379457812165,0.05002633033375491,0.07332519367874486,0.03826163612185054,0.03752734649743609,0.05842101144050442,0.20217958951420179,0.1852167879897129,0.14258473282247436
ordinal__v_22,3.0725064323275624,5.00152796234995,2.804843140590859,2.6570434932459968,1.0142624267499605,6.315215349184352,-0.9825980210817423,24.60747953424711,2.9167420522258856,7.591647527438477,5.046567787613864,3.812286372809539,10.451523333034277,13.526753120388584,30.693723445868613,2.7656750993132064,4.366334220931145,22.9690644813654,-2.680818814908143,7.877578191318924,12.114279272047975,14.63316293018669,0.14146676621121654,-0.19336180922104027,0.6376829455503951,0.3943101074451826,-0.20626892702641303,0.06880433996165723,-0.013242133701521054,0.8094704515237717,0.1249233662328657,0.8010464357699774,0.23412310582046408,0.2571645030111578,0.21740250189769514,0.1591709754327642,0.047298211489363404,0.06654220630027104,0.04829522111585799,0.0388385071750328,0.03984192382737285,0.2164727598817587,0.16964447265382546,0.1284526294390186
ordinal__v_23,2.8685659904751306,1.6407862117099572,1.774292678790776,2.8490112040604774,1.864881087949963,1.1379758443801709,5.384188439282324,2.1210696003156846,3.255517386474397,3.0874954148374494,3.166226644347168,3.003646117832376,3.7405419843299885,2.781880280969669,2.7656750993132064,5.200423087974076,3.0917550214177587,2.763803277660209,3.236190654718587,3.196842497367742,3.513801618627188,2.781936255503182,0.07753830690185597,-0.2919229870849221,0.5920770016133436,0.535961977559318,-0.5466337163454741,0.0543642958225436,0.39120795446140966,0.43402154506058876,0.06205691258466069,0.1470199934553516,0.17808776828409437,0.15947856935844137,0.20426499356920055,0.15720293792869194,0.032446176759009134,0.0652459438870059,0.05653318741090635,0.04174144013554717,0.049433316532753166,0.19936214858041992,0.16821413533418847,0.1386302151599984
ordinal__v_24,2.8517518779404187,2.4338972745084533,5.087526251934515,3.0829882872073253,4.272573552070465,0.7432756470856964,14.741141476937749,-2.311042871996568,3.1516222096535498,5.742380632598643,7.3340254989563585,2.819323641571028,7.093935761213045,6.490067460867786,4.366334220931145,3.0917550214177587,8.354784447448456,3.903935942741504,6.407078079561417,6.4875989700846075,6.220513019637919,5.807756186005333,0.013358239293321047,-0.3603447882172724,0.594540920219278,0.5632033559485028,-0.5176007372312701,0.06300557226045837,0.424861672882687,0.37846917590906287,0.01577945191646631,0.24397622954721893,0.1656419158663971,0.16119256213875544,0.2221440452090054,0.16802331481021432,0.041311851797291625,0.07098921839936588,0.043268747026473875,0.027029191815844896,0.05032264800499424,0.20227239382609272,0.17573274427303504,0.18433530375862195
ordinal__v_29,3.0384367843280184,2.6832337557972563,5.498375517801109,2.5304236949484937,0.941251129521701,4.925528539467332,-3.0783783548646393,22.104135736700616,2.9939440962741584,7.419798920551052,4.688389657206325,3.787443932689116,10.99043990694816,13.11365053317088,22.9690644813654,2.763803277660209,3.903935942741504,27.275557365873276,-1.641946297772179,7.5304899460890224,11.889431372071183,12.406847074674953,0.1582291992879807,-0.17675787828869052,0.6277426165722444,0.42338375122668476,-0.23275527269183818,0.058360378732680566,0.042197870730491464,0.7548523305888462,0.1373073900147843,0.7662956367297633,0.23646471373691422,0.23308304590002202,0.22074545724255362,0.15686377320504588,0.05429965992012916,0.04235143043252584,0.07172418267956608,0.0671184093408978,0.04251617930812594,0.2209806000589917,0.17207477615293673,0.11418789827781783
ordinal__v_31,2.6774208559118526,18.89628357508325,41.76065482687269,8.382348983554616,56.829941048867944,3.7985538384610296,70.01184926971818,-2.6440107098418753,3.4806477223090453,4.665976775087107,7.852832113297653,0.32949741676724453,8.562721929983244,2.6430680100249124,-2.680818814908143,3.236190654718587,6.407078079561417,-1.641946297772179,62.240335626854545,6.010491997705137,5.3630308276424765,0.6157496571137674,-0.8375436197940709,-1.4487873269597231,0.5708240670055158,0.730419238882466,-0.8176677418412526,0.039011617395617794,0.9088235859064249,-0.043830138006142355,-0.6846524420553275,0.15386351558509154,-0.12839290248731003,0.11445657040998473,0.22720681758301997,0.18713718631438353,0.053706227958775166,0.10108028866893298,0.04997958350191082,0.012787203069861877,0.0065103480195051215,0.17650886781749398,0.22889910604136784,0.45848671128307983
ordinal__v_33,2.8564670396351115,3.4383547364368114,6.124821229370905,3.1564882531972382,6.383377090417175,2.364651580892046,14.262799601050236,11.253605007582989,3.3538838311529613,8.266466458583771,7.61527162087454,3.115352720921575,10.129838035289524,8.95370841095006,7.877578191318924,3.196842497367742,6.4875989700846075,7.5304899460890224,6.010491997705137,10.736922597306952,8.970789995853448,8.018952544129505,0.03543575913933427,-0.36558367203247555,0.5991365125515161,0.550236522737328,-0.4923691078419062,0.07847144671184753,0.3153159084685836,0.4441727483952047,0.025742401626065205,0.4039085984852075,0.16640230258991878,0.16741965934083208,0.23339292412990456,0.15949427223825258,0.040622983567059456,0.07726121122280072,0.05184595360406555,0.04658141604420021,0.05872179493124671,0.2098731832536876,0.1872343592070276,0.1793374175585374
ordinal__v_5,2.852219071324143,2.4643967448355557,4.314832731541267,3.259440799476549,5.734348217763557,-1.2860422713396067,22.243467781067373,8.57843684954354,3.5962506517139605,8.51043132436652,7.270953560850443,3.0295235326195744,15.866243871363134,9.463707349312,12.114279272047975,3.513801618627188,6.220513019637919,11.889431372071183,5.3630308276424765,8.970789995853448,20.428763440872515,8.443587547861632,0.08392328314590188,-0.39782777435474026,0.6112229938172358,0.5760985583828823,-0.4863106958936507,0.051021480054813176,0.3335821722057261,0.4540239891925337,0.04506942787028892,0.5503669808759459,0.17510485807867138,0.17781667684097563,0.216235102917642,0.1523362208740511,0.060101156554643875,0.09051762760338877,0.06800598465680226,0.047800691420687186,0.05771421032940984,0.21649726853314752,0.21631058743375864,0.22633730980541236
ordinal__v_6,2.8785302887460893,4.2498750474244025,3.8871593774805455,2.661645458916207,2.387666327797402,4.56755892805224,2.427914926963416,13.42368626967825,2.867149031182357,7.691463560129257,6.457226204487465,3.465491439677319,8.354987065947245,11.079555105179455,14.63316293018669,2.781936255503182,5.807756186005333,12.406847074674953,0.6157496571137674,8.018952544129505,8.443587547861632,13.628232329272654,0.09827437765502066,-0.20746184963428607,0.5861701642682263,0.41957665164258057,-0.2910463760117505,0.06379406500858935,0.11357620792897413,0.651683783572557,0.09246225528425016,0.5058022176514412,0.20493814634713037,0.19731940108970328,0.2075155119084702,0.16290916137570033,0.045002472220314414,0.0709976305844026,0.05127474813632684,0.049007716093020556,0.056568000849008544,0.20296535083177206,0.18620259758114396,0.11828381860365655
binary__v_1,0.08376561230644068,-0.2472686102176607,-0.8560337816652813,-0.029978519223084234,-1.2420782239605797,-0.011957490447142165,-1.2490658962957109,-0.43496812430065573,0.06531646147958955,0.06482432894728228,-0.008967009428752481,0.1277097776420004,0.009118584031889799,0.07833580545364709,0.14146676621121654,0.07753830690185597,0.013358239293321047,0.1582291992879807,-0.8375436197940709,0.03543575913933427,0.08392328314590188,0.09827437765502066,0.2330584339817021,0.024895366535784197,0.01427350604681812,0.011852468921385216,-0.010307350114997086,0.00226973962394658,0.005728799534302471,0.018635917339675234,0.04903969522994083,0.0032516875012790045,0.021126467393577385,0.0045846309300798345,0.00433973411477494,0.0022443848228733037,-0.0009371422455216932,-0.0003162255376367661,0.003527537948985562,0.0017872012343119598,0.0007699349002000398,0.005310791693657425,0.0066856441309903316,-0.0014399818216099395
binary__v_11,-0.29094066173186467,-0.28151948269700283,-0.685080213110812,-0.445601761609794,-0.9621706415678754,-0.09233068579031035,-2.6236127031030088,-0.2401725911369595,-0.3160198852131358,-0.32195512547749056,-0.40197127534324884,-0.1375435610353119,-0.44738740464931365,-0.24325784092001637,-0.19336180922104027,-0.2919229870849221,-0.3603447882172724,-0.17675787828869052,-1.4487873269597231,-0.36558367203247555,-0.39782777435474026,-0.20746184963428607,0.024895366535784197,0.4009446258096089,-0.058520404936176114,-0.06625486622095136,0.06420126588484247,-0.006260557602713322,-0.06722901707530185,-0.033410423171635006,0.0646025433058016,-0.01455869083974878,0.015120625587126265,-0.014697639305584124,-0.022217206788319722,-0.016812996430817153,-0.0023203831878491504,-0.00732848586668622,-0.006954408826730978,-0.004011596586631344,-0.003894843662663477,-0.018479067908679706,-0.025234823143335066,-0.024994811390813273
binary__v_14,0.5645578980943644,0.36844308396990855,0.4749154446965383,0.5629518862001583,0.29437644510353084,0.5116585694256389,0.6806149278299951,0.645633130470532,0.6077897043604324,0.5986252600052843,0.6079301948975252,0.6243496454056723,0.6019786056357568,0.5817309958180233,0.6376829455503951,0.5920770016133436,0.594540920219278,0.6277426165722444,0.5708240670055158,0.5991365125515161,0.6112229938172358,0.5861701642682263,0.01427350604681812,-0.058520404936176114,0.29947658235054797,0.1082113121379444,-0.1065531358579179,0.010879703575290216,0.07685469712865643,0.09148552575453517,0.015497771024774239,0.028777997748167805,0.04051231086944659,0.035751015697712996,0.04355655298028112,0.03140553499660444,0.00882436617439199,0.013332477200596795,0.011677286954117043,0.00869182941738919,0.00858628529675174,0.040309764407242515,0.03475879862492982,0.027030134563853492
binary__v_26,0.5840076629832431,0.758212603760593,0.5742407303632575,0.5291603097074723,0.6210515815545893,0.5423867871657034,1.2383131745520242,0.4306335617237321,0.5608704371481161,0.5152374758000836,0.5809281630594466,0.5414496986571852,0.6114376090459912,0.45852412000597453,0.3943101074451826,0.535961977559318,0.5632033559485028,0.42338375122668476,0.730419238882466,0.550236522737328,0.5760985583828823,0.41957665164258057,0.011852468921385216,-0.06625486622095136,0.1082113121379444,0.34559183912227215,-0.1332996799737016,0.012789211052840652,0.07801575304665692,0.0737019730935637,0.011934051450817437,0.022873266889249694,0.039726628723776566,0.035369925840798844,0.03760217320225857,0.027619933882262162,0.005167757389303437,0.012676919191953974,0.00810369357969584,0.00876098435117895,0.008029841293321918,0.036109784164352815,0.03257778899643061,0.029791510246315808
binary__v_27,-0.5550333601436569,-0.41468608460277684,-0.5539593834195051,-0.5473052029214428,-0.44240664102208466,-0.28169897529148574,-1.0935832592977617,-0.5932625810274652,-0.5603561364837195,-0.4919551179752011,-0.54110893290178,-0.5362908972191421,-0.5162487582756788,-0.32980264423590355,-0.20626892702641303,-0.5466337163454741,-0.5176007372312701,-0.23275527269183818,-0.8176677418412526,-0.4923691078419062,-0.4863106958936507,-0.2910463760117505,-0.010307350114997086,0.06420126588484247,-0.1065531358579179,-0.1332996799737016,0.3485546099755548,-0.01332207752785581,-0.08508239935234378,-0.06581538300234815,-0.005780233404097775,-0.01706509102225857,-0.022020822868906068,-0.031762600158487246,-0.038272414360247344,-0.027997038440301415,-0.00589229533533995,-0.011493150493795486,-0.009203374309550615,-0.006155534068973332,-0.008177794464536701,-0.03632212320097589,-0.03033992708344602,-0.02853725580633825
binary__v_28,0.4887297240321151,0.09670958463140647,-0.3405799587511221,0.056143981176565966,-0.17772274623772963,0.10764415433360933,0.10217860136782633,-0.06113278075167542,0.04924996919949737,0.06420182008814486,0.07138623459553838,0.056855162564047025,0.05798005671658162,0.05928007911259496,0.06880433996165723,0.0543642958225436,0.06300557226045837,0.058360378732680566,0.039011617395617794,0.07847144671184753,0.051021480054813176,0.06379406500858935,0.00226973962394658,-0.006260557602713322,0.010879703575290216,0.012789211052840652,-0.01332207752785581,0.19137597232220777,0.004890844141454885,0.0061300427250574946,0.0019897311222192167,0.0029707956317390812,0.008033038313807726,0.003553202395190179,0.004052354045050991,0.0033377124789897533,0.0010447573909380652,0.001094233810366228,0.00057462399729129,0.002055744861930259,-0.00017354366794528436,0.0035695739866966787,0.003412614682197612,0.0016963470324618372
binary__v_30,0.3487085971345517,0.08354088286742074,-0.43410606106416416,0.3615830169450947,-0.3026939282621661,0.03776507561826166,1.868493939276663,-0.8712810229139736,0.4124006887355462,0.30276569758979394,0.4437408854720062,0.35449614221887965,0.3845577919372868,0.15951190283080197,-0.013242133701521054,0.39120795446140966,0.424861672882687,0.042197870730491464,0.9088235859064249,0.3153159084685836,0.3335821722057261,0.11357620792897413,0.005728799534302471,-0.06722901707530185,0.07685469712865643,0.07801575304665692,-0.08508239935234378,0.004890844141454885,0.4007603532116451,0.02726874217723242,3.4588806092800468e-06,0.007563146869758543,0.04124088038553253,0.023269454453551913,0.02839980543356175,0.021031399535064572,0.006499530584546497,0.0061560472817263874,0.007108403827963511,0.007070340994368377,0.006835836555725052,0.027029484694505085,0.023740970504057296,0.025488340977278118
binary__v_9,0.41819017353143245,1.1309878949433916,1.5632569106117589,0.43245328826633417,0.76445778222167,1.1591911624388684,-0.5856433940295355,0.9277327254740575,0.4443190580669696,0.4683410001985717,0.36224736815354613,0.5243383946017209,0.3585256158779716,0.6149786217696513,0.8094704515237717,0.43402154506058876,0.37846917590906287,0.7548523305888462,-0.043830138006142355,0.4441727483952047,0.4540239891925337,0.651683783572557,0.018635917339675234,-0.033410423171635006,0.09148552575453517,0.0737019730935637,-0.06581538300234815,0.0061300427250574946,0.02726874217723242,0.3863834882489766,0.01623645176277342,0.028872928927842306,0.05026546757878317,0.03059521755994223,0.03115943717165163,0.023198095831152055,0.004715354629935741,0.011409443101501462,0.007709329861563883,0.007483824849362175,0.007664474007420706,0.03069780583385952,0.028957715314337294,0.015478540306023808
bin_literal,0.07114521864280965,-0.10736717384659043,-0.5260049485883286,-0.03479601673084623,-0.8050946524178116,0.06675782853778639,-1.142696338923288,-0.19334129283212922,0.05310471831418235,0.048969540155264335,-0.003603605368277747,0.13081126123511774,-0.004665594729335757,0.0742861202174608,0.1249233662328657,0.06205691258466069,0.01577945191646631,0.1373073900147843,-0.6846524420553275,0.025742401626065205,0.04506942787028892,0.09246225528425016,0.04903969522994083,0.0646025433058016,0.015497771024774239,0.011934051450817437,-0.005780233404097775,0.0019897311222192167,3.4588806092800468e-06,0.01623645176277342,0.19595877750098506,0.0027085869082564794,0.021931924196119758,0.004679926643342516,0.003635366071297517,0.002010905823756274,0.00027984387074642136,0.00022009130259212587,0.0018053827897901934,0.0014546552202230403,0.0008146661950397835,0.004600972877866313,0.002829924101637785,-0.002342802228447209
ord_norm,0.1389016492837792,0.1846836637455407,0.301928542938312,0.1432974404966947,0.2332032616376739,0.1792662895225444,0.39774611783915803,0.9727730765513172,0.15248045545421682,0.3859607312586139,0.27911056301963455,0.17284320346605014,0.5350364118806546,0.5176862146804818,0.8010464357699774,0.1470199934553516,0.24397622954721893,0.7662956367297633,0.15386351558509154,0.4039085984852075,0.5503669808759459,0.5058022176514412,0.0032516875012790045,-0.01455869083974878,0.028777997748167805,0.022873266889249694,-0.01706509102225857,0.0029707956317390812,0.007563146869758543,0.028872928927842306,0.0027085869082564794,0.18190795076030908,0.008955148815147015,0.009659288325640222,0.01037825845348583,0.007481890406474876,0.0022050680079724835,0.003194212470148604,0.00277675144663727,0.002290972758539393,0.002176693901493933,0.010116846426895115,0.008589227441646733,0.0073043903819376785
binary_sum,0.23456937802951805,0.2134885532364682,-0.03676375890561874,0.13134385693447165,-0.20674091031009248,0.28180837106473494,-0.23747208709993095,-0.028116811780343923,0.18051004247047034,0.17144076273949604,0.15916937550061203,0.2221949089764353,0.1514231571886409,0.19704300569068195,0.23412310582046408,0.17808776828409437,0.1656419158663971,0.23646471373691422,-0.12839290248731003,0.16640230258991878,0.17510485807867138,0.20493814634713037,0.021126467393577385,0.015120625587126265,0.04051231086944659,0.039726628723776566,-0.022020822868906068,0.008033038313807726,0.04124088038553253,0.05026546757878317,0.021931924196119758,0.008955148815147015,0.18023655239688074,0.012380458201886385,0.01266006225700173,0.009146718096546803,0.002443135057200704,0.0036473226697180546,0.003220441861905078,0.0036689707218480333,0.002805741465467713,0.012603716238665538,0.010651254575166002,0.006358974872453087
ratio__v_16,0.19509230501845481,0.25825251513461134,-0.04598192873536262,0.17447302031974457,-0.14437496743802522,0.3537350590382598,0.1174413401576517,0.22989172020019388,0.1785862834476381,0.17453532788858203,0.18038483320310778,0.19368942297453207,0.11201830047167322,0.19108528520549284,0.2571645030111578,0.15947856935844137,0.16119256213875544,0.23308304590002202,0.11445657040998473,0.16741965934083208,0.17781667684097563,0.19731940108970328,0.0045846309300798345,-0.014697639305584124,0.035751015697712996,0.035369925840798844,-0.031762600158487246,0.003553202395190179,0.023269454453551913,0.03059521755994223,0.004679926643342516,0.009659288325640222,0.012380458201886385,0.18766381813335037,0.011599580469440703,0.009018204214280023,0.002756755419619787,0.004575790687923965,0.0030011182024332447,0.0021778061603289858,0.0029471929442321547,0.011576654231768636,0.004006983408878607,0.009421960344735678
ratio__v_2,0.20720075522192227,0.18335526526391296,0.4302343542038103,0.21842584804498424,0.31358613322712997,0.2308048460239943,0.21596724517238766,0.31366645062754195,0.2141348550843309,0.2246354548644846,0.241390766428816,0.2276076343451228,0.21956589965783266,0.2191411331026574,0.21740250189769514,0.20426499356920055,0.2221440452090054,0.22074545724255362,0.22720681758301997,0.23339292412990456,0.216235102917642,0.2075155119084702,0.00433973411477494,-0.022217206788319722,0.04355655298028112,0.03760217320225857,-0.038272414360247344,0.004052354045050991,0.02839980543356175,0.03115943717165163,0.003635366071297517,0.01037825845348583,0.01266006225700173,0.011599580469440703,0.18720646012860942,0.011599089480823672,0.0014169122986668783,0.004264178182467941,0.004909377089454726,0.0037645428241966173,0.002825063394701206,0.013853938849620037,0.011584850097582665,0.008536486086776143
ratio__v_34,0.16338517582863674,0.17758577335215026,0.24156848685561041,0.1464045983256988,0.2920490991252333,0.20549607127839747,0.1652305073335251,0.1233106734721802,0.15634101709166096,0.16386067071597765,0.1673777295413569,0.16200766503480782,0.1599061453562334,0.16162379457812165,0.1591709754327642,0.15720293792869194,0.16802331481021432,0.15686377320504588,0.18713718631438353,0.15949427223825258,0.1523362208740511,0.16290916137570033,0.0022443848228733037,-0.016812996430817153,0.03140553499660444,0.027619933882262162,-0.027997038440301415,0.0033377124789897533,0.021031399535064572,0.023198095831152055,0.002010905823756274,0.007481890406474876,0.009146718096546803,0.009018204214280023,0.011599089480823672,0.19041292328037968,0.0014400948707388754,0.004089723162405065,0.0036803291917418034,0.000771926330782749,0.004666015743878139,0.009766105438573336,0.009455711844101924,0.005781711196560408
ratio__v_35,0.03747681868343083,0.03400438279150674,0.11710144657640444,0.03159012882962125,-0.09589615402954632,0.19116329054832354,0.19024173591810853,0.050006197733423734,0.04151654445617838,0.049345011828647,0.0375827757509771,0.03108493691085645,0.04891389474914467,0.05002633033375491,0.047298211489363404,0.032446176759009134,0.041311851797291625,0.05429965992012916,0.053706227958775166,0.040622983567059456,0.060101156554643875,0.045002472220314414,-0.0009371422455216932,-0.0023203831878491504,0.00882436617439199,0.005167757389303437,-0.00589229533533995,0.0010447573909380652,0.006499530584546497,0.004715354629935741,0.00027984387074642136,0.0022050680079724835,0.002443135057200704,0.002756755419619787,0.0014169122986668783,0.0014400948707388754,0.22751068066508845,-0.0006996318053991826,-0.00026036443123486473,-0.0003381378592917055,0.0007808842479276741,0.002339960891199267,0.0016293565201266134,0.002951316886748906
ratio__v_36,0.07571973415319753,0.0712897387231666,0.16094182976419658,0.07811440004003535,0.14281066144277876,0.11042990620240571,0.1489243993633583,0.04090490726015863,0.06755814575576852,0.0633505602328345,0.06813302657422411,0.06479796606951281,0.08016765161027307,0.07332519367874486,0.06654220630027104,0.0652459438870059,0.07098921839936588,0.04235143043252584,0.10108028866893298,0.07726121122280072,0.09051762760338877,0.0709976305844026,-0.0003162255376367661,-0.00732848586668622,0.013332477200596795,0.012676919191953974,-0.011493150493795486,0.001094233810366228,0.0061560472817263874,0.011409443101501462,0.00022009130259212587,0.003194212470148604,0.0036473226697180546,0.004575790687923965,0.004264178182467941,0.004089723162405065,-0.0006996318053991826,0.21864578968926657,-0.000496694325550782,0.00010397422415199193,0.0005357656222090971,0.005251753770674635,0.002864990949462404,0.002242951936605755
ratio__v_37,0.04730051667067439,0.08230625363349213,0.05491340101982522,0.060222691274944604,0.020085945038659184,0.12022309330193848,-0.03181275967155371,0.006472794846892953,0.04807972934106211,0.04767025227267512,0.051495612290072046,0.07163717841626456,0.054334874978875874,0.03826163612185054,0.04829522111585799,0.05653318741090635,0.043268747026473875,0.07172418267956608,0.04997958350191082,0.05184595360406555,0.06800598465680226,0.05127474813632684,0.003527537948985562,-0.006954408826730978,0.011677286954117043,0.00810369357969584,-0.009203374309550615,0.00057462399729129,0.007108403827963511,0.007709329861563883,0.0018053827897901934,0.00277675144663727,0.003220441861905078,0.0030011182024332447,0.004909377089454726,0.0036803291917418034,-0.00026036443123486473,-0.000496694325550782,0.212215940614049,0.001706224853954338,0.0014731397512261508,0.002813469816680119,0.002636004466717907,0.0016345255598549824
ratio__v_38,0.036831239038176686,-0.07130076480004591,0.02268229821544819,0.02598633782387494,-0.17719474309748925,-0.015570090775971789,-0.1449984649058305,-0.058304151193308236,0.053542627179636884,0.030819962482366063,0.034677896163562004,0.04528595176954873,0.050516869916275554,0.03752734649743609,0.0388385071750328,0.04174144013554717,0.027029191815844896,0.0671184093408978,0.012787203069861877,0.04658141604420021,0.047800691420687186,0.049007716093020556,0.0017872012343119598,-0.004011596586631344,0.00869182941738919,0.00876098435117895,-0.006155534068973332,0.002055744861930259,0.007070340994368377,0.007483824849362175,0.0014546552202230403,0.002290972758539393,0.0036689707218480333,0.0021778061603289858,0.0037645428241966173,0.000771926330782749,-0.0003381378592917055,0.00010397422415199193,0.001706224853954338,0.21929373691133586,0.000401922789132187,0.002668098347152582,0.0027501030599723004,0.0014050348858469625
ratio__v_39,0.03430582619585718,0.054301232901389045,0.10262769475834628,0.04402244894079509,0.10290904291259605,0.11787990791137541,-0.06638075238625749,0.0398218689935109,0.039873042820549924,0.05938531324220502,0.06320904688806532,0.032243560859268425,0.06326865559381072,0.05842101144050442,0.03984192382737285,0.049433316532753166,0.05032264800499424,0.04251617930812594,0.0065103480195051215,0.05872179493124671,0.05771421032940984,0.056568000849008544,0.0007699349002000398,-0.003894843662663477,0.00858628529675174,0.008029841293321918,-0.008177794464536701,-0.00017354366794528436,0.006835836555725052,0.007664474007420706,0.0008146661950397835,0.002176693901493933,0.002805741465467713,0.0029471929442321547,0.002825063394701206,0.004666015743878139,0.0007808842479276741,0.0005357656222090971,0.0014731397512261508,0.000401922789132187,0.21907157078449402,0.002864185855141848,0.0019906037360278308,0.00040521445024103715
ratio__v_40,0.18002143308772597,0.061685925129656566,0.05357088946834989,0.18633734669348506,0.09668112233324591,0.12029633367174976,0.2148582221635327,0.196001192551032,0.2065804140234394,0.20607805841950444,0.192768856221936,0.2083845783393873,0.2064784208228685,0.20217958951420179,0.2164727598817587,0.19936214858041992,0.20227239382609272,0.2209806000589917,0.17650886781749398,0.2098731832536876,0.21649726853314752,0.20296535083177206,0.005310791693657425,-0.018479067908679706,0.040309764407242515,0.036109784164352815,-0.03632212320097589,0.0035695739866966787,0.027029484694505085,0.03069780583385952,0.004600972877866313,0.010116846426895115,0.012603716238665538,0.011576654231768636,0.013853938849620037,0.009766105438573336,0.002339960891199267,0.005251753770674635,0.002813469816680119,0.002668098347152582,0.002864185855141848,0.18744229489525768,0.011051009947102754,0.009226638006370086
ratio__v_7,0.17353318418471536,0.1324384472549435,-0.06278069206869279,0.16444145657719275,-0.21337715904749716,0.18313275409883212,0.6247146886507614,0.07529902090680693,0.16925766275915452,0.1927724734443613,0.18251930221269339,0.15467234296253154,0.2295045747234056,0.1852167879897129,0.16964447265382546,0.16821413533418847,0.17573274427303504,0.17207477615293673,0.22889910604136784,0.1872343592070276,0.21631058743375864,0.18620259758114396,0.0066856441309903316,-0.025234823143335066,0.03475879862492982,0.03257778899643061,-0.03033992708344602,0.003412614682197612,0.023740970504057296,0.028957715314337294,0.002829924101637785,0.008589227441646733,0.010651254575166002,0.004006983408878607,0.011584850097582665,0.009455711844101924,0.0016293565201266134,0.002864990949462404,0.002636004466717907,0.0027501030599723004,0.0019906037360278308,0.011051009947102754,0.19007904907727363,0.010360395663069552
ratio__v_8,0.11198657966988257,0.09342873572039725,0.14371742045894553,0.16385189198172628,0.17342544228697274,0.03551927064942698,1.9317586362185764,-0.5566199864681932,0.14458996737456853,0.156433869236575,0.20598087986012104,0.09870551318638536,0.24232197627712299,0.14258473282247436,0.1284526294390186,0.1386302151599984,0.18433530375862195,0.11418789827781783,0.45848671128307983,0.1793374175585374,0.22633730980541236,0.11828381860365655,-0.0014399818216099395,-0.024994811390813273,0.027030134563853492,0.029791510246315808,-0.02853725580633825,0.0016963470324618372,0.025488340977278118,0.015478540306023808,-0.002342802228447209,0.0073043903819376785,0.006358974872453087,0.009421960344735678,0.008536486086776143,0.005781711196560408,0.002951316886748906,0.002242951936605755,0.0016345255598549824,0.0014050348858469625,0.00040521445024103715,0.009226638006370086,0.010360395663069552,0.18882763681502035
